04000 241.333333333 285.333333333 320.666666667 284.0
04001 262.0 250.0 351.333333333 240.0
04002 245.333333333 180.0 332.0 172.666666667
04003 246.666666667 324.666666667 326.666666667 312.666666667
04004 224.0 224.666666667 316.666666667 215.333333333
04005 253.333333333 238.0 335.333333333 232.666666667
04006 242.666666667 240.0 330.666666667 230.0
04007 259.333333333 197.333333333 341.333333333 189.333333333
04008 274.0 202.0 361.333333333 191.333333333
04009 236.666666667 284.666666667 323.333333333 280.0
04010 253.333333333 270.0 343.333333333 260.666666667
04011 232.0 287.333333333 322.0 275.333333333
04012 224.0 186.0 306.0 175.333333333
04013 269.333333333 252.0 358.666666667 243.333333333
04014 253.333333333 218.0 332.666666667 204.666666667
04015 274.0 233.333333333 359.333333333 225.333333333
04016 209.333333333 286.0 294.666666667 271.333333333
04017 232.666666667 219.333333333 328.0 214.0
04018 278.666666667 266.666666667 372.0 256.0
04019 282.666666667 219.333333333 372.0 216.0
04020 290.0 260.0 379.333333333 246.666666667
04021 264.0 286.666666667 359.333333333 284.0
04022 262.0 220.0 352.666666667 218.666666667
04023 264.0 298.666666667 342.0 295.333333333
04024 214.666666667 293.333333333 305.333333333 278.0
04025 237.333333333 239.333333333 320.666666667 232.0
04026 242.0 246.666666667 326.0 243.333333333
04027 249.333333333 222.666666667 340.666666667 217.333333333
04028 283.333333333 267.333333333 369.333333333 261.333333333
04029 279.333333333 244.666666667 368.666666667 243.333333333
04030 241.333333333 205.333333333 325.333333333 196.0
04031 259.333333333 262.666666667 354.666666667 254.0
04032 264.666666667 194.666666667 346.666666667 182.666666667
04034 242.0 224.0 329.333333333 216.666666667
04035 234.0 295.333333333 313.333333333 288.0
04036 254.0 207.333333333 336.0 206.666666667
04037 252.0 186.0 334.666666667 178.666666667
04039 273.333333333 290.0 356.0 280.0
04040 231.333333333 292.666666667 321.333333333 284.666666667
04041 260.666666667 236.666666667 342.666666667 234.666666667
04042 250.666666667 248.0 339.333333333 245.333333333
04043 252.666666667 224.666666667 330.666666667 216.666666667
04044 283.333333333 294.666666667 370.0 290.0
04045 250.0 224.0 333.333333333 220.0
04046 281.333333333 218.666666667 366.0 213.333333333
04047 256.0 285.333333333 329.333333333 280.666666667
04048 278.666666667 234.666666667 355.333333333 234.0
04049 252.666666667 178.0 332.0 172.666666667
04050 247.333333333 210.666666667 340.0 205.333333333
04051 278.666666667 274.666666667 368.666666667 273.333333333
04052 278.0 226.0 362.0 218.666666667
04053 271.333333333 264.0 360.0 257.333333333
04054 241.333333333 160.666666667 326.666666667 156.0
04055 265.333333333 190.0 336.666666667 186.0
04056 270.0 254.0 346.666666667 253.333333333
04057 270.666666667 209.333333333 336.0 206.0
04058 274.0 190.666666667 348.666666667 190.666666667
04059 282.0 245.333333333 347.333333333 244.666666667
04060 286.666666667 188.0 359.333333333 184.666666667
04061 276.0 163.333333333 358.0 160.666666667
04062 272.0 157.333333333 339.333333333 151.333333333
04063 256.666666667 310.0 330.666666667 310.0
04064 269.333333333 275.333333333 341.333333333 274.0
04065 282.666666667 232.0 350.666666667 224.666666667
04066 302.666666667 188.666666667 372.0 183.333333333
04067 279.333333333 210.666666667 352.666666667 204.666666667
04068 293.333333333 188.0 357.333333333 184.666666667
04069 317.333333333 188.666666667 394.666666667 188.0
