04000	253.7500  295.2500	332.2500  298.2500
04001	253.2500  251.2500	341.7500  242.2500
04002	252.2500  183.7500	337.7500  175.2500
04003	243.7500  329.7500	322.2500  317.2500
04004	226.2500  221.2500	318.7500  214.7500
04005	250.2500  239.7500	331.2500  234.7500
04006	241.7500  261.2500	328.2500  251.2500
04007	246.2500  203.7500	329.2500  195.7500
04008	257.2500  188.2500	345.7500  174.7500
04009	244.2500  281.2500	330.7500  278.2500
04010	252.2500  271.2500	340.7500  261.7500
04011	231.2500  289.2500	322.2500  278.2500
04012	232.2500  191.7500	316.7500  183.7500
04013	268.7500  257.7500	357.2500  249.2500
04014	257.2500  223.2500	336.7500  211.7500
04015	269.2500  230.7500	354.2500  222.2500
04016	217.7500  297.7500	303.2500  282.2500
04017	210.2500  230.7500	305.7500  217.7500
04018	294.2500  265.2500	387.7500  257.2500
04019	281.7500  227.7500	370.7500  224.2500
04020	286.2500  269.7500	375.7500  256.2500
04021	257.7500  287.2500	352.7500  282.2500
04022	266.2500  230.2500	356.7500  229.2500
04023	262.2500  304.7500	339.7500  300.7500
04024	195.2500  236.7500	284.2500  220.2500
04025	233.2500  239.7500	318.2500  231.2500
04026	239.7500  252.2500	322.2500  248.7500
04027	239.7500  235.7500	326.7500  229.2500
04028	260.2500  276.7500	343.7500  267.2500
04029	281.7500  248.2500	370.2500  246.2500
04030	239.2500  206.7500	321.7500  201.7500
04031	252.2500  270.7500	347.2500  259.2500
04032	272.7500  193.2500	356.2500  186.2500
04034	230.2500  226.2500	317.2500  216.2500
04035	246.7500  286.2500	325.2500  279.7500
04036	239.2500  224.7500	320.7500  219.7500
04037	248.2500  195.7500	331.2500  187.2500
04039	283.7500  298.7500	366.2500  288.2500
04040	230.2500  305.7500	320.7500  297.7500
04041	247.2500  248.2500	331.2500  246.7500
04042	233.2500  263.7500	323.7500  259.7500
04043	243.7500  235.7500	322.7500  226.7500
04044	278.7500  294.2500	365.2500  289.2500
04045	274.7500  236.2500	359.2500  233.7500
04046	278.7500  227.2500	363.2500  223.7500	
04047	256.2500  279.2500	328.7500  274.7500
04048	273.2500  243.7500	351.2500  241.7500
04049	258.2500  177.7500	337.7500  175.2500
04050	245.7500  221.7500	337.2500  217.7500
04051	287.7500  279.7500	376.2500  274.2500
04052	266.2500  237.7500	350.2500  229.7500
04053	282.2500  264.2500	371.7500  259.2500
04054	226.7500  167.7500	310.7500  158.7500
04055	260.7500  202.7500	331.7500  197.7500
04056	269.7500  258.7500	346.7500  258.7500
04057	266.2500  209.7500	332.7500  207.2500
04058	268.2500  193.2500	344.7500  193.2500
04059	270.2500  247.7500	335.2500  247.2500
04060	288.7500  195.7500	361.7500  193.2500
04061	283.2500  176.2500	363.2500  172.7500
04062	270.7500  156.7500	337.2500  154.7500
04063	271.7500  314.2500	345.2500  313.7500
04064	276.2500  280.7500	349.2500  278.2500
04065	283.7500  227.2500	351.2500  220.7500
04066	292.7500  198.2500	362.7500  190.2500
04067	279.7500  217.7500	353.7500  211.7500
04068	280.2500  194.2500	345.7500  191.2500
04069	280.7500  190.7500	358.2500  187.7500

