4.163726 72.269291 72.184895
-5.316475 -150.016123 -150.269629
-3.278197 -35.614153 -35.229395
1.180025 1.251401 1.643136
4.223016 75.236905 75.312687
-3.173808 -32.017714 -31.969951
3.114599 30.351695 30.213869
-0.606926 -0.306024 -0.223567
-0.142073 -0.043845 -0.002868
1.153747 1.831997 1.535791
1.823314 5.716005 6.061557
0.091901 0.145459 0.000776
-3.161420 -31.669769 -31.597055
5.170456 138.305359 138.224961
1.346625 2.508526 2.441970
5.090872 131.866711 131.940012
4.788594 109.715306 109.805475
-2.929856 -24.797469 -25.150054
2.517707 15.959677 15.959357
-1.090795 -1.363516 -1.297865
5.531605 169.261181 169.259709
-3.018040 -27.604135 -27.490002
-5.885019 -203.778724 -203.818506
4.848097 113.906735 113.949891
-2.934373 -25.481172 -25.266546
-5.564066 -172.258805 -172.256978
1.682012 4.895741 4.758689
-5.410254 -158.538271 -158.362747
1.559842 3.698896 3.795262
-4.648410 -100.154051 -100.441535
5.510020 167.746420 167.285965
-4.474232 -89.673536 -89.568551
-6.012523 -217.604899 -217.355322
-3.319206 -36.731785 -36.568131
4.199631 73.710114 74.068496
4.904680 117.978627 117.986434
5.245899 144.259037 144.364247
-3.661067 -49.153575 -49.070783
-5.185405 -139.316162 -139.427369
2.488880 15.529812 15.417421
-4.406822 -85.640185 -85.580817
-3.295718 -35.746847 -35.797278
-4.702736 -104.001423 -104.004410
1.008833 1.244493 1.026735
0.114642 -0.182404 0.001507
-4.959483 -121.960472 -121.985755
-5.040409 -127.779257 -128.055248
-5.358726 -153.806714 -153.880892
-1.168946 -1.841570 -1.597289
4.910689 118.225891 118.420619
3.587836 46.573791 46.184678
-4.114214 -69.520550 -69.640287
-4.715228 -104.746576 -104.835431
-0.945626 -0.529345 -0.845586
-1.639064 -4.424662 -4.403393
2.741691 20.843462 20.608927
2.284277 12.177167 11.919178
4.658265 100.951130 101.081694
-2.018416 -8.540939 -8.223030
-1.382373 -2.622221 -2.641655
3.539373 44.032601 44.338307
-5.804936 -195.391490 -195.610610
-4.320513 -80.229923 -80.650273
1.716628 5.077643 5.058581
-5.634374 -179.047778 -178.869767
2.458512 15.030067 14.859940
1.497008 2.888039 3.354841
-6.064009 -222.819877 -222.986978
1.572446 4.042406 3.888011
3.114788 30.666915 30.219374
-3.685318 -50.323691 -50.052390
0.661497 0.176666 0.289457
2.887986 24.498659 24.087152
-0.679965 -0.373710 -0.314383
2.613108 17.782624 17.843174
1.946896 7.590790 7.379520
1.698768 5.064259 4.902326
-1.692239 -4.960630 -4.846019
-0.068154 -0.013057 -0.000317
-5.981743 -214.132510 -214.034269
-4.793765 -110.014975 -110.161581
4.020022 65.028362 64.965851
2.655426 18.723435 18.724170
-2.964601 -25.932531 -26.055454
-3.418246 -40.188012 -39.940183
5.048589 128.791987 128.679716
-2.965952 -26.343672 -26.091108
-0.521640 -0.139432 -0.141942
2.269427 11.571379 11.688233
1.529819 3.329576 3.580304
2.426172 14.372997 14.281208
-3.017141 -27.417516 -27.465458
5.676134 183.223250 182.876474
-3.766275 -53.959407 -53.423967
-4.741755 -106.636692 -106.614744
-5.972716 -213.273690 -213.066750
-3.515316 -43.283357 -43.440341
-2.212820 -10.742262 -10.835227
-2.353871 -12.810551 -13.042115
4.745590 106.606710 106.873655
-5.676215 -183.349725 -182.884362
3.439036 40.794939 40.673360
4.545510 94.244227 93.917795
1.200694 1.668384 1.730999
5.736484 188.065389 188.771866
2.611065 17.773637 17.801354
4.950291 121.188987 121.308731
1.119231 1.586298 1.402038
2.277545 11.832444 11.814107
4.355965 82.547807 82.651938
5.605447 176.233661 176.128981
-4.772934 -108.960990 -108.731708
-0.140909 -0.066374 -0.002798
1.894803 6.761310 6.802869
-1.854873 -6.345216 -6.381794
4.676881 102.575536 102.298417
2.813871 22.228082 22.279860
1.687385 4.727142 4.804439
2.762990 20.722881 21.092987
2.379336 13.009155 13.469985
3.717514 51.440830 51.375718
-0.658136 -0.236142 -0.285066
-2.381802 -13.300404 -13.511920
-3.881496 -58.290557 -58.478655
-2.381607 -14.109794 -13.508593
2.849840 23.220981 23.145232
-3.253813 -34.534558 -34.449080
6.003565 216.319205 216.385278
-3.810453 -55.599737 -55.326078
0.874533 0.856124 0.668851
1.401131 2.779802 2.750657
-1.163513 -1.528523 -1.575122
-0.035025 0.242218 -0.000043
-5.611432 -176.909663 -176.693718
1.708777 5.091854 4.989492
5.415110 158.877371 158.789520
-4.111710 -69.609571 -69.513226
2.511899 15.986128 15.849165
-3.230011 -33.611195 -33.698609
-5.028777 -127.347145 -127.170740
-2.045568 -8.851698 -8.559375
2.892074 24.317640 24.189569
-4.897501 -117.680760 -117.469086
2.824633 22.341433 22.536485
-3.700980 -50.498443 -50.693241
-0.371087 -0.339717 -0.051101
-0.417736 0.061692 -0.072896
-2.494374 -15.744764 -15.519758
-3.498249 -42.578019 -42.810671
-2.736214 -20.234339 -20.485681
3.176507 32.016576 32.051593
1.891605 6.718455 6.768482
-3.959937 -61.733318 -62.096158
-2.568342 -17.211934 -16.941755
6.141448 231.495852 231.639310
-4.383017 -84.161927 -84.201423
2.360123 13.436972 13.146318
1.833532 6.022566 6.164037
4.226054 75.249275 75.475325
-0.364405 0.130260 -0.048390
-5.407124 -158.532771 -158.088056
-5.650819 -180.689963 -180.440584
1.013398 1.038302 1.040735
-6.061180 -222.677449 -222.675005
4.534434 93.106147 93.232942
-0.290559 -0.201167 -0.024530
3.820522 55.823361 55.765833
-1.563042 -3.817390 -3.818669
2.669304 18.753820 19.019281
-1.847537 -6.058471 -6.306372
-4.049043 -66.281804 -66.383065
4.721962 105.397084 105.285222
-3.349019 -37.615385 -37.562350
0.997891 1.086773 0.993687
-4.467772 -89.215001 -89.181136
0.797905 0.400770 0.507988
-2.674031 -18.707097 -19.120497
-2.464310 -15.102303 -14.965315
-3.303741 -36.227792 -36.059371
1.327156 2.569490 2.337579
1.673431 4.796760 4.686231
3.429818 40.277655 40.347186
0.766396 0.253110 0.450153
-1.704702 -4.988717 -4.953878
6.191936 237.157829 237.399313
-0.405201 -0.104643 -0.066529
6.165653 234.265657 234.388982
4.051036 66.733904 66.481093
-5.409016 -158.223749 -158.254064
-4.599983 -97.089338 -97.334917
-0.432766 -0.030042 -0.081051
-0.506246 -0.086997 -0.129743
-0.313932 0.112819 -0.030939
1.975379 7.734589 7.708171
-3.203392 -32.758413 -32.872303
4.790099 109.628020 109.909068
-5.974988 -213.414818 -213.309965
4.775854 108.662578 108.931404
-5.576474 -173.410085 -173.411947
2.694857 19.334526 19.570731
-2.786741 -21.529329 -21.641627
-1.271799 -2.416235 -2.057098
2.891305 24.335437 24.170273
1.593616 4.209645 4.047168
-0.649326 -0.256315 -0.273772
-4.929242 -119.320242 -119.767906
-2.044962 -8.612968 -8.551758
-0.434956 -0.297470 -0.082288
-3.762154 -53.005260 -53.248771
1.440931 3.382886 2.991781
1.892646 6.755580 6.779661
4.384988 84.358731 84.315060
2.090900 8.986284 9.141123
-1.660386 -4.389784 -4.577491
-0.980699 -1.081150 -0.943208
5.495830 166.005496 165.996836
-5.326212 -151.066650 -151.096838
-2.401688 -13.986861 -13.853188
-3.622162 -47.346683 -47.522971
1.560008 3.658434 3.796474
-0.864882 -0.651421 -0.646949
-4.763781 -107.971938 -108.107367
0.579817 0.081169 0.194928
5.239216 143.591338 143.813281
-4.249027 -76.870510 -76.712920
5.922594 207.479804 207.747515
-3.986618 -63.168048 -63.359792
-2.550995 -16.743847 -16.600783
2.754543 21.111852 20.900121
-3.433940 -40.354588 -40.492831
1.088247 1.425996 1.288789
4.368193 83.142020 83.349957
-2.782702 -21.335505 -21.547661
-2.495943 -15.613653 -15.549057
3.649529 48.096032 48.608308
-2.931272 -25.124792 -25.186530
5.799474 195.240961 195.058880
-4.663903 -101.279113 -101.449206
-1.803667 -5.960958 -5.867719
-2.151443 -10.392921 -9.958398
5.993480 215.213970 215.296592
-0.133970 -0.194961 -0.002404
1.277322 2.175218 2.084018
3.796611 54.866206 54.725339
-1.606801 -4.262526 -4.148455
3.187669 32.918547 32.390657
-1.867645 -6.889281 -6.514526
-2.311009 -12.462157 -12.342555
3.062107 28.628836 28.711850
0.283407 -0.025615 0.022763
-5.990691 -214.856901 -214.996151
3.400718 39.312758 39.328921
-1.790838 -5.915804 -5.743400
-2.626954 -18.304860 -18.128312
-0.310824 0.144257 -0.030029
2.099906 8.994049 9.259760
0.881682 0.659261 0.685386
-2.851225 -23.087678 -23.178978
-3.595679 -46.834646 -46.488195
-1.639546 -3.925142 -4.407281
-0.809741 -0.457872 -0.530932
2.278632 11.863087 11.831026
2.353265 12.860010 13.032048
-4.026406 -65.494424 -65.275867
-4.278902 -78.584937 -78.342407
2.994056 26.789949 26.839832
5.063508 129.956499 129.823885
1.578974 3.948723 3.936629
4.595711 97.229840 97.064005
-4.567500 -95.132771 -95.287451
-3.717215 -51.008718 -51.363308
-5.544423 -170.182334 -170.439001
-2.273220 -12.007449 -11.746926
4.725326 105.188801 105.510447
2.209309 10.322648 10.783740
-0.986911 -0.805129 -0.961245
-1.009523 -1.091153 -1.028841
-4.833615 -112.936348 -112.931747
3.421665 40.000577 40.060128
4.848613 114.081232 113.986311
-3.036194 -27.732957 -27.989081
-4.632167 -99.398575 -99.392244
1.696331 4.885794 4.881259
2.605674 17.399014 17.691326
-2.398465 -13.862778 -13.797493
2.267348 11.696615 11.656130
1.811523 5.817977 5.944720
1.015519 0.931779 1.047282
-1.588391 -4.086698 -4.007490
1.239138 1.939520 1.902648
6.195362 237.931264 237.793543
-2.476908 -15.402014 -15.196004
-6.206632 -239.180282 -239.093651
2.772465 21.535030 21.310721
-2.269441 -11.780916 -11.688450
2.199706 10.788773 10.643735
-1.119889 -1.691083 -1.404510
5.925037 208.131332 208.004676
5.586611 174.383152 174.359359
-3.352222 -37.769876 -37.670231
-0.831639 -0.494588 -0.575181
-3.179411 -32.202371 -32.139573
-2.351794 -13.189346 -13.007619
5.740850 189.589938 189.203254
-2.898280 -24.188146 -24.345630
3.200431 32.863135 32.781254
2.446551 14.470685 14.644113
4.171818 72.694620 72.606596
3.289684 35.763177 35.601018
5.507776 167.117544 167.081637
-6.051960 -221.804026 -221.660470
-1.527426 -3.384587 -3.563529
-5.036408 -127.411365 -127.750553
-4.267351 -77.789575 -77.709670
3.901180 59.560152 59.372852
1.163885 1.872234 1.576633
-1.940978 -7.404689 -7.312436
1.239320 1.884655 1.903490
-3.405391 -39.639589 -39.491241
-4.237254 -76.344454 -76.077003
-4.474423 -89.643043 -89.580018
5.142796 135.856631 136.018459
-0.360977 0.229928 -0.047037
-3.388534 -38.790183 -38.907715
1.673548 4.927674 4.687208
-0.405044 0.076651 -0.066452
-5.372532 -154.989031 -155.073311
-0.340100 -0.347136 -0.039339
-4.819735 -112.004173 -111.961718
-2.528969 -16.223652 -16.174486
-4.912596 -118.847898 -118.558654
-6.275739 -247.014543 -247.169354
0.315047 -0.274025 0.031270
-4.678042 -102.574877 -102.374599
1.386934 2.356739 2.667889
-5.980156 -213.899252 -213.863917
-2.816057 -22.300553 -22.331842
-5.750634 -190.772407 -190.172219
-3.644653 -48.651415 -48.413725
0.561819 0.431643 0.177333
3.474785 41.819298 41.955000
-4.181555 -73.088706 -73.116188
2.532006 15.924089 16.232833
5.707584 185.773008 185.933150
1.330958 2.234055 2.357726
3.110989 30.284440 30.108943
-2.897707 -23.998601 -24.331198
-4.736077 -106.251583 -106.232203
5.417745 159.226201 159.021431
3.107118 29.728326 29.996682
-1.070294 -0.911585 -1.226053
-1.869195 -6.912846 -6.530767
4.963709 122.270781 122.297881
2.235438 11.333650 11.170891
4.802719 110.860760 110.780053
4.201115 73.913938 74.147034
-5.091092 -131.966560 -131.957156
-0.567538 -0.609778 -0.182803
2.632020 18.488360 18.233385
-5.795417 -195.149866 -194.649866
2.720918 20.285310 20.144020
-5.728800 -187.868188 -188.014328
1.344822 2.444094 2.432172
-3.963249 -62.250475 -62.252127
0.563738 0.320424 0.179156
-5.516599 -167.988266 -167.885921
5.954651 211.362507 211.139280
0.633571 0.142376 0.254323
1.184582 1.622998 1.662248
-1.229910 -1.999293 -1.860458
-1.182153 -1.638892 -1.652040
6.044262 220.830588 220.815628
-3.331178 -37.083105 -36.965243
-0.851975 -0.843191 -0.618415
-3.626260 -47.561167 -47.684453
-5.082587 -131.106006 -131.296900
5.154409 137.247622 136.941956
3.903437 59.683777 59.475948
5.142370 135.754621 135.984650
-1.894389 -7.102328 -6.798415
-5.368732 -154.745023 -154.744452
4.710464 104.421490 104.517989
-1.016867 -1.073284 -1.051459
1.038040 1.060505 1.118516
4.607889 97.653720 97.837631
-5.345849 -152.760098 -152.774190
-0.387634 -0.013454 -0.058246
-4.513848 -92.104429 -91.968879
2.870395 23.789334 23.649672
-3.580839 -45.951145 -45.914985
6.002623 215.950150 216.283460
-2.479367 -15.506039 -15.241316
2.421649 14.282290 14.201483
2.142571 9.836992 9.835709
-1.905711 -6.371606 -6.921033
0.328153 -0.106301 0.035337
-2.499307 -15.363280 -15.612014
-0.758097 -0.818842 -0.435688
-2.978610 -26.450769 -26.426579
4.992876 124.802505 124.466451
4.452613 88.678361 88.276450
6.094129 226.535771 226.326207
5.155533 136.938234 137.031582
5.405013 158.240407 157.902937
6.062093 222.924453 222.775723
3.825457 55.712059 55.982209
3.171533 31.546741 31.901250
2.316142 12.431598 12.424976
0.138155 0.119073 0.002637
-4.685150 -103.316304 -102.841964
0.718976 0.393310 0.371657
-0.774921 -0.793525 -0.465341
-1.177653 -1.922805 -1.633246
-3.232196 -33.801447 -33.767037
-0.926071 -0.687194 -0.794206
5.522790 168.443283 168.451767
-2.597329 -17.457114 -17.521895
-0.352537 -0.034453 -0.043814
-3.027067 -27.599063 -27.737414
5.653560 180.841893 180.703231
2.040022 8.222152 8.489944
2.769702 21.584597 21.247077
-4.400749 -85.119044 -85.227486
5.016816 126.268432 126.265463
-2.721020 -20.072065 -20.146288
-2.073331 -8.718945 -8.912626
-3.709344 -51.060779 -51.037720
-2.471873 -14.914185 -15.103522
-0.676273 -0.618498 -0.309290
3.718056 51.084078 51.398179
-0.289273 -0.267995 -0.024206
4.373653 83.429465 83.662900
2.486463 15.288889 15.372553
6.216661 240.109099 240.254461
-4.968669 -123.019314 -122.664886
-1.684475 -4.570301 -4.779623
3.480165 42.307539 42.150201
1.022577 1.046974 1.069271
-6.015165 -217.580892 -217.642006
-3.973638 -62.799455 -62.742950
0.115561 -0.249090 0.001543
1.418839 2.789927 2.856271
4.550253 94.192756 94.212076
-2.532160 -16.281608 -16.235790
-5.359813 -153.763657 -153.974555
-0.044210 -0.102899 -0.000086
-3.792161 -54.677711 -54.533094
4.492375 90.658610 90.662593
-3.766991 -53.623773 -53.454415
-3.463948 -41.546640 -41.563691
-3.231854 -33.723505 -33.756313
-2.846496 -23.029659 -23.063855
-0.575773 -0.174716 -0.190877
2.477194 15.237272 15.201280
-2.938919 -25.194178 -25.384167
2.292636 12.026961 12.050514
3.820723 55.626993 55.774641
-4.140455 -70.707056 -70.981317
4.463781 88.681954 88.942329
-4.436053 -87.453511 -87.295168
5.588778 174.572154 174.562337
3.804567 54.602697 55.070078
-5.131711 -135.287998 -135.140838
4.166581 72.401914 72.333506
-3.384259 -38.496095 -38.760612
-0.421022 0.069747 -0.074630
5.116455 134.060885 133.939134
-2.049278 -8.272642 -8.606028
1.585497 3.779537 3.985622
-5.936648 -209.064561 -209.229957
1.289576 2.039878 2.144573
-6.190970 -237.232123 -237.288140
-3.621725 -47.517317 -47.505778
3.120435 30.498613 30.384019
-2.190541 -10.597687 -10.511243
4.013376 64.832394 64.644180
2.319495 12.418682 12.479015
5.215078 141.581597 141.834676
-4.363998 -83.188870 -83.110069
-5.909583 -206.745592 -206.381418
0.430313 0.067274 0.079681
-0.950784 -0.761484 -0.859499
6.260698 245.599886 245.396451
3.688888 50.265491 50.198015
3.361470 37.875825 37.982870
-4.610456 -97.778337 -98.001247
-1.371343 -2.914073 -2.578923
3.056625 28.437607 28.557905
-6.189807 -237.099443 -237.154520
5.626077 178.264231 178.080767
0.394550 0.266462 0.061420
-3.040582 -28.414709 -28.110609
3.357256 38.005185 37.840192
-6.168315 -234.445975 -234.692758
-3.969351 -62.352086 -62.540101
6.162283 233.990861 234.004902
4.540640 93.498429 93.616218
-5.128623 -135.192646 -134.897047
-5.461615 -163.115511 -162.915859
-2.366103 -13.199327 -13.246501
-4.528413 -92.908635 -92.862013
-5.857109 -200.935447 -200.932334
-0.390052 0.212355 -0.059343
-2.693130 -19.413163 -19.533139
-2.007641 -8.070238 -8.092048
-1.810478 -5.805533 -5.934444
4.134830 70.814184 70.692444
5.000181 125.493540 125.013592
-0.479205 0.167180 -0.110044
1.625802 4.351220 4.297376
-1.696004 -4.884298 -4.878433
5.665918 181.647167 181.890827
1.320633 2.090643 2.303277
4.229326 75.513637 75.650767
-5.478637 -164.381078 -164.443810
-1.134269 -1.438867 -1.459311
4.993405 124.191218 124.506050
2.392874 13.484496 13.701235
5.456597 162.437073 162.467205
1.389677 3.010968 2.683746
4.971598 123.285572 122.881931
-6.009406 -217.304706 -217.017471
-0.531768 -0.676670 -0.150372
0.501523 0.440026 0.126146
-5.923251 -207.864078 -207.816676
5.227064 142.879022 142.814879
6.139271 231.608625 231.393053
4.400579 85.067861 85.217623
-0.586926 -0.091409 -0.202186
-3.560866 -45.112750 -45.150947
4.425406 86.856883 86.668113
5.052395 128.948720 128.970963
3.682205 49.911970 49.925668
1.700641 4.842205 4.918556
3.789495 54.335747 54.418201
2.186504 10.409879 10.453236
-4.348841 -82.381882 -82.247125
2.333310 12.800079 12.703317
-1.260971 -2.249235 -2.005006
5.037172 127.611219 127.808655
6.059892 222.097658 222.533114
-5.884729 -203.743247 -203.788352
0.068466 0.112514 0.000321
-2.158897 -9.887275 -10.062270
0.030490 -0.102051 0.000028
3.898851 58.847472 59.266603
-5.281745 -147.458731 -147.343984
4.233806 75.836635 75.891476
5.189206 139.776402 139.734240
-4.819322 -112.023445 -111.932910
3.267874 34.934551 34.897636
4.442582 87.660969 87.681151
-5.270976 -146.517128 -146.444507
-5.434020 -160.538292 -160.458883
-3.009666 -27.212499 -27.261822
4.737804 106.252752 106.348463
3.301691 35.922724 35.992281
-2.773325 -21.286329 -21.330557
-2.910961 -24.263641 -24.666600
5.578340 173.505635 173.586056
-5.549575 -170.827714 -170.914590
2.495463 15.705431 15.540077
0.204262 0.139536 0.008522
0.604022 0.335612 0.220372
4.057073 66.470059 66.778755
2.813663 22.383747 22.274918
-5.642522 -179.610204 -179.646884
0.193307 -0.084538 0.007223
-5.543661 -170.255824 -170.368768
-5.253992 -144.737692 -145.033502
3.928011 60.676685 60.606367
0.214981 0.011093 0.009936
-4.918706 -119.297876 -119.001510
-2.259279 -11.909440 -11.532136
-1.511134 -3.594376 -3.450713
-0.581542 -0.279762 -0.196672
5.856871 200.997857 200.907852
1.166695 1.538795 1.588078
-5.700035 -185.051450 -185.196368
1.744514 5.348291 5.309129
-3.503460 -42.788858 -43.002295
3.246884 34.548492 34.229466
-1.333188 -2.475016 -2.369594
-0.707932 -0.291476 -0.354792
3.431710 40.554273 40.414000
4.247608 76.450183 76.636069
-4.425496 -86.447014 -86.673419
1.323057 2.005926 2.315986
-0.762924 -0.808393 -0.444061
-0.549873 -0.198367 -0.166260
-3.183140 -32.627090 -32.252789
-3.141909 -31.448134 -31.015641
-1.918449 -6.896453 -7.060753
3.855422 57.539700 57.308062
-0.314528 -0.093546 -0.031116
4.140294 71.184923 70.973042
3.450753 41.191630 41.090525
0.077048 -0.311857 0.000457
-4.507566 -91.504676 -91.585421
1.047742 1.179207 1.150173
-2.503231 -15.770565 -15.685662
-2.285506 -12.072461 -11.938428
-4.080858 -68.098043 -67.960157
-4.236265 -75.659433 -76.023789
4.348666 82.418405 82.237146
-5.002788 -125.223361 -125.209180
-6.127335 -230.100156 -230.046101
6.189513 237.255057 237.120646
5.541654 170.000437 170.183798
5.727735 188.543678 187.909500
1.046040 1.398894 1.144578
-4.802422 -110.761982 -110.759490
0.403927 0.224807 0.065903
-0.629462 0.061447 -0.249407
5.503389 166.560471 166.682715
2.467306 15.106836 15.019970
-3.248375 -34.215873 -34.276661
-4.164469 -72.022264 -72.223547
0.952340 0.907409 0.863727
-5.474826 -164.311636 -164.100865
-4.493645 -90.629044 -90.739482
2.042612 8.849759 8.522316
-3.994706 -63.843618 -63.746248
-6.072828 -224.019274 -223.961315
6.011856 217.159784 217.283016
-1.155880 -1.664617 -1.544322
1.906277 6.917148 6.927210
2.680590 19.091770 19.261546
-4.341308 -81.753862 -81.820448
-0.144194 0.077742 -0.002998
3.393114 39.054189 39.065661
5.135563 135.317431 135.445361
3.199867 32.889461 32.763914
4.534345 93.256446 93.227447
0.367069 0.132500 0.049459
-2.989185 -26.701100 -26.709048
4.100273 68.926072 68.934743
4.276568 78.097189 78.214274
0.231557 0.158475 0.012416
0.828643 0.628948 0.568986
2.181642 10.258751 10.383658
3.298306 35.771703 35.881673
2.138295 10.037636 9.776942
-0.096528 0.033165 -0.000899
0.409974 0.176609 0.068908
-0.909240 -1.035377 -0.751685
5.282159 147.120735 147.378611
-0.155261 -0.289254 -0.003743
-0.531638 -0.258877 -0.150261
4.328397 81.221252 81.092606
-5.572242 -173.047874 -173.017427
2.621641 17.923393 18.018540
-2.901176 -24.189469 -24.418672
5.638452 179.189825 179.258424
-4.244956 -76.401455 -76.492620
3.900857 59.472577 59.358099
-0.158415 0.045521 -0.003975
-0.363219 0.232637 -0.047919
-2.279923 -11.713187 -11.851158
0.903115 0.879636 0.736596
-0.529247 0.080697 -0.148244
4.374957 83.750016 83.737752
5.771363 192.389010 192.236186
4.148612 71.603019 71.401682
-4.347582 -81.971774 -82.175701
4.495298 90.557315 90.839677
3.989509 63.087565 63.497754
5.616100 177.061116 177.135068
-5.673893 -182.412645 -182.660001
-0.238211 0.156839 -0.013517
-1.374389 -2.409632 -2.596147
1.698368 4.754058 4.898866
-0.665607 -0.518141 -0.294885
-3.923690 -60.028324 -60.406541
-1.855669 -6.135099 -6.390013
3.223501 33.503316 33.495260
-2.111898 -9.340411 -9.419309
2.396086 13.913402 13.756474
4.763255 108.017481 108.071584
0.620777 0.458446 0.239225
2.268914 11.716811 11.680296
2.949248 25.533968 25.652741
2.599406 17.808695 17.563966
4.292566 79.010024 79.095353
-5.897222 -205.058121 -205.089076
-4.173176 -73.138490 -72.677521
2.160192 10.114144 10.080382
1.535708 3.637918 3.621810
-3.381750 -39.158403 -38.674480
-3.116841 -30.342943 -30.279160
0.624285 -0.007396 0.243304
-5.934066 -209.354564 -208.957061
-6.111039 -228.245512 -228.215544
-3.767803 -53.395482 -53.489021
4.610358 98.121179 97.994990
2.847658 22.940292 23.092111
1.423960 2.572255 2.887312
1.639707 4.215200 4.408583
-1.065493 -1.144554 -1.209626
-2.457200 -14.926886 -14.836168
-4.618719 -98.445510 -98.529121
1.130357 1.482231 1.444265
-6.027405 -219.019420 -218.973270
-5.572789 -173.006496 -173.068410
-5.267410 -145.970016 -146.147522
0.307282 0.035819 0.029014
-3.948139 -61.800797 -61.542824
4.015615 64.539634 64.752448
2.113076 9.324170 9.435070
-0.723908 -0.471805 -0.379359
-6.195179 -237.634893 -237.772452
1.196869 2.103676 1.714510
4.420010 86.393207 86.351464
-2.281573 -11.891127 -11.876900
-1.108680 -1.449069 -1.362758
4.765483 108.091516 108.223322
-3.365947 -37.951352 -38.134842
-1.688026 -4.635385 -4.809914
5.415533 158.413788 158.826698
-5.763891 -191.508921 -191.490527
4.587211 96.396674 96.526424
-4.243477 -76.376620 -76.412701
3.731067 51.988039 51.939665
5.455590 162.127324 162.377235
-1.628045 -4.442670 -4.315180
-0.102565 -0.182316 -0.001079
1.835136 6.524763 6.180232
-4.382959 -84.078764 -84.198082
-2.432239 -14.429840 -14.388604
1.638234 4.321003 4.396713
-4.101551 -69.011960 -68.999257
-3.544126 -44.537337 -44.517147
4.835646 113.130365 113.074216
2.563037 16.931426 16.836998
2.267193 11.447550 11.653750
0.129189 0.228541 0.002156
4.887535 116.419341 116.753434
6.042818 220.902743 220.657418
1.397172 2.520594 2.727403
-3.511316 -42.885431 -43.292198
5.251934 145.184554 144.863082
2.599019 17.296791 17.556104
-3.449609 -41.020932 -41.049670
3.345131 37.445641 37.431690
-2.485889 -15.226255 -15.361906
0.577085 0.413247 0.192185
-4.235900 -75.886103 -76.004133
-1.372204 -2.648998 -2.583780
2.175415 10.200698 10.294997
6.196341 238.292671 237.906252
5.732350 188.309854 188.364046
-3.430770 -40.121389 -40.380781
-5.929759 -208.078434 -208.502414
-5.391682 -156.633837 -156.737422
-5.161940 -137.844574 -137.543104
-4.370479 -83.581673 -83.480880
0.027474 0.139387 0.000021
-1.703304 -4.872915 -4.941697
3.669925 49.258029 49.427816
2.887865 24.462936 24.084122
2.111710 9.445805 9.416794
3.240695 34.002501 34.034112
-2.143015 -9.400659 -9.841825
-3.315776 -36.205411 -36.454865
2.668834 19.169540 19.009237
-3.701766 -51.024468 -50.725544
-5.034223 -127.663602 -127.584346
-5.671723 -182.538188 -182.450531
-6.140928 -231.866604 -231.580525
-4.080513 -67.959201 -67.942940
1.874657 7.115181 6.588176
4.594740 97.100700 97.002459
-2.382555 -13.738322 -13.524743
4.149106 71.182559 71.427178
-4.493524 -90.681652 -90.732161
-4.909544 -118.464101 -118.337816
-4.975293 -123.640811 -123.156133
-2.635768 -17.833021 -18.311403
1.098090 1.186807 1.324079
-1.811119 -6.017050 -5.940743
1.879282 6.457720 6.637059
-6.249821 -244.226952 -244.119623
5.351595 153.363195 153.267341
-0.384041 -0.158226 -0.056641
0.218987 0.000696 0.010502
4.903385 118.380165 117.893000
-4.163820 -72.292134 -72.189797
-5.021427 -126.842372 -126.613944
2.517745 16.219186 15.960080
5.204430 140.717679 140.967638
2.241370 11.250497 11.260065
-2.423950 -14.003204 -14.241991
-0.912054 -0.623329 -0.758685
-5.977148 -213.625157 -213.541423
1.553425 3.556688 3.748612
-4.460285 -88.615790 -88.733533
3.602360 46.799013 46.747799
-4.370599 -83.312919 -83.487767
5.452990 162.182410 162.145172
-2.041910 -8.666906 -8.513531
2.085915 9.300887 9.075905
-4.750574 -107.324979 -107.210712
4.322346 80.909517 80.752999
-3.539086 -44.330015 -44.327517
-1.119727 -1.357978 -1.403901
-2.616886 -18.078844 -17.920683
-4.116007 -70.216531 -69.731396
2.395454 14.060679 13.745589
-1.249027 -2.073144 -1.948569
2.600125 17.319937 17.578539
2.647114 18.376750 18.548893
1.131691 1.536025 1.449385
2.128916 9.535535 9.648847
-0.747074 -0.363978 -0.416957
0.316913 -0.149964 0.031829
-4.343498 -81.857290 -81.944346
-3.441488 -40.739031 -40.760435
-0.226751 0.059531 -0.011659
-1.249459 -2.018330 -1.950591
3.424279 40.023236 40.152011
2.808741 22.091997 22.158219
-0.961660 -0.815398 -0.889332
-5.118780 -134.817906 -134.121821
-4.401864 -85.619917 -85.292299
1.361296 2.503988 2.522653
3.025744 27.698967 27.701073
-3.115687 -30.624956 -30.245545
6.159223 233.743521 233.656482
-6.191441 -237.237704 -237.342312
4.026234 65.391343 65.267496
-4.637727 -99.645852 -99.750618
-2.064400 -8.894658 -8.797953
0.808777 0.404561 0.529038
-1.708847 -5.208373 -4.990101
-2.138682 -9.858358 -9.782251
-0.923294 -0.970830 -0.787081
-1.822006 -6.471540 -6.048525
1.206746 1.676455 1.757307
6.257821 245.193803 245.058325
2.514543 16.004913 15.899265
1.624224 4.033366 4.284871
1.002061 0.956549 1.006196
-0.376422 -0.196691 -0.053336
5.972761 213.164987 213.071507
-5.473059 -164.129742 -163.942053
1.210110 1.861377 1.772044
-4.993882 -124.527419 -124.541738
3.295568 35.560249 35.792392
2.340987 12.657058 12.829123
2.134058 10.075342 9.718937
-5.146970 -136.221216 -136.349912
4.460154 89.049144 88.725713
-5.328431 -151.258190 -151.285786
-3.679769 -49.949330 -49.826634
4.942762 120.663808 120.756090
1.992289 8.107441 7.907829
5.630996 178.500053 178.548232
1.581445 3.543304 3.955142
4.434993 87.239043 87.232584
1.818701 5.972044 6.015669
1.604566 3.596409 4.131168
3.652513 48.696837 48.727625
3.489222 42.201116 42.480121
-3.949312 -61.532848 -61.597661
-3.638920 -48.026647 -48.185645
3.810240 54.939978 55.316795
2.287640 11.968110 11.971901
-3.737239 -52.250651 -52.197841
0.532198 0.653422 0.150737
-1.631719 -3.989182 -4.344459
0.170848 -0.092364 0.004987
2.274671 11.428298 11.769436
5.150778 136.719576 136.652755
-5.919345 -207.035885 -207.405844
3.376160 38.334939 38.483014
6.270013 246.252433 246.493417
0.299354 0.063407 0.026826
5.050828 129.055117 128.850979
3.901005 59.330386 59.364878
5.701447 185.242717 185.334046
1.506826 3.534517 3.421284
2.756358 20.784466 20.941457
1.114493 1.790910 1.384305
4.809597 111.330461 111.256683
-4.715930 -104.780227 -104.882246
5.635761 179.084992 179.001894
-4.220246 -75.533422 -75.164575
-0.552776 0.308298 -0.168907
-3.579701 -46.051563 -45.871235
-1.563726 -3.832413 -3.823686
4.406360 85.669525 85.553895
-0.619225 -0.371395 -0.237436
6.260299 245.297228 245.349587
-3.162822 -31.223161 -31.639101
-3.567167 -45.375876 -45.391060
5.850597 200.173264 200.262914
-1.663539 -4.667894 -4.603616
-1.676713 -4.518221 -4.713856
-0.234253 -0.086400 -0.012854
1.958549 7.783795 7.512826
-2.094420 -9.321851 -9.187375
-4.858888 -114.400220 -114.712480
-0.829535 -0.816104 -0.570827
3.541387 44.358305 44.414024
-4.776921 -109.083767 -109.004456
1.390587 2.456008 2.689024
-6.149925 -232.660910 -232.599821
-5.006506 -125.663454 -125.488575
-2.943226 -25.311330 -25.495930
-6.225735 -241.541052 -241.308129
-5.186823 -139.832623 -139.541777
2.950172 25.503547 25.676874
1.457037 3.285832 3.093224
-4.895252 -117.303584 -117.307323
0.320483 0.082986 0.032917
-1.601551 -3.889297 -4.107925
5.495605 165.594752 165.976515
3.902713 59.588795 59.442879
-1.020090 -1.183240 -1.061488
2.276023 11.794231 11.790432
-1.771939 -5.334708 -5.563481
-2.004817 -8.097852 -8.057949
-1.233602 -1.751558 -1.877264
-3.244412 -33.762185 -34.151366
6.043142 220.602874 220.692955
-4.132352 -70.377924 -70.565406
2.575465 17.250834 17.083108
-5.947818 -210.460525 -210.413247
5.550198 171.114061 170.972216
-2.585269 -17.193750 -17.278935
-0.358771 0.189304 -0.046180
-1.430466 -2.981492 -2.927068
-4.517851 -92.423439 -92.213778
1.151779 1.792954 1.527946
5.591173 174.579502 174.786867
-4.453460 -88.076124 -88.326857
-2.442039 -14.274457 -14.563225
0.487539 0.220110 0.115885
-2.862194 -23.500694 -23.447547
-1.793999 -5.902657 -5.773865
5.279608 146.569680 147.165172
1.243551 1.709737 1.923050
1.826812 6.159171 6.096515
1.418141 2.679309 2.852059
-0.850382 -0.727913 -0.614954
0.411818 -0.205766 0.069842
-3.959071 -61.876831 -62.055459
-4.253718 -77.122621 -76.967283
-4.409316 -85.885412 -85.726193
3.892153 58.785811 58.961676
1.693474 4.951568 4.856637
-0.285728 -0.457170 -0.023327
1.718065 5.045099 5.071296
0.331261 0.087041 0.036351
4.168193 72.294090 72.417483
0.384040 0.154076 0.056641
3.794734 54.704369 54.644186
-1.766869 -5.318054 -5.515854
3.433152 40.447904 40.464954
5.950794 211.248524 210.729260
3.373532 38.476453 38.393204
-5.558311 -171.735185 -171.723007
-4.648945 -100.267241 -100.476181
-1.137011 -1.669386 -1.469922
0.461592 0.039593 0.098350
4.336842 81.418026 81.568161
1.572647 3.476852 3.889499
-1.536602 -3.604531 -3.628139
2.893383 24.035321 24.222442
2.674249 19.285136 19.125175
0.570243 0.351340 0.185430
4.307136 79.747839 79.903494
1.283732 2.034195 2.115549
-0.047788 -0.205672 -0.000109
4.859587 114.714975 114.761966
-0.960477 -0.934384 -0.886054
5.789899 193.988283 194.094350
1.370055 2.737836 2.571661
2.366280 13.305997 13.249464
-0.887058 -0.724255 -0.698000
-5.865768 -201.963113 -201.824878
4.568352 95.526626 95.340775
-3.719936 -51.211590 -51.476173
5.106944 133.212175 133.193571
3.448942 41.133666 41.025850
1.243883 1.904295 1.924590
-0.813603 -0.627377 -0.538565
4.437923 87.279395 87.405593
-4.692011 -103.665556 -103.294475
0.884659 0.493792 0.692353
-0.064892 0.669529 -0.000273
2.507620 15.930944 15.768320
2.779692 21.569851 21.477813
5.272141 146.328646 146.541606
3.126675 30.440215 30.566681
2.056609 8.703395 8.698714
-4.088258 -68.117125 -68.330525
3.217916 33.584672 33.321466
-5.006958 -125.361355 -125.522560
-3.589727 -46.464926 -46.257729
