-3.041269 -1.138024 -0.994972
1.089065 0.658175 0.463314
-0.131810 0.718088 0.991326
-2.072891 -0.366868 -0.481263
-1.043925 0.666143 0.502831
-3.437021 -1.499485 -0.956677
5.367921 0.932183 0.609581
0.681474 0.603211 0.776645
3.138564 -1.383703 -0.999995
5.169232 0.500685 0.441117
2.091405 -0.570131 -0.497409
2.794656 -1.010601 -0.940419
4.257321 -0.450062 -0.439523
3.450015 -0.899775 -0.952814
3.374256 -0.842708 -0.973056
1.616156 0.291184 -0.045344
-3.839225 -0.846924 -0.766365
4.757545 0.554936 0.045141
-0.467601 0.927519 0.892652
-1.164432 0.197030 0.395272
3.629154 -0.794148 -0.883478
-2.765050 -0.946171 -0.929942
-4.489540 -0.228645 -0.221009
-3.480797 -1.073677 -0.943020
4.522340 -0.226307 -0.188907
2.204405 -0.523364 -0.592057
-3.143142 -0.708614 -0.999999
-1.522681 -0.166577 0.048096
-2.361467 -0.652232 -0.710825
1.874914 -0.476595 -0.299451
1.758923 0.129386 -0.187019
-1.343538 0.001607 0.225307
5.058805 0.612665 0.339529
-4.701072 0.129513 -0.011317
5.776276 0.790839 0.874249
0.854078 0.753388 0.656914
5.710764 0.861038 0.840592
-2.205790 -0.381541 -0.593173
-5.585004 0.679176 0.766013
-5.238999 0.720799 0.502605
0.825264 0.564215 0.678363
-2.453137 -0.995964 -0.772228
-0.673580 1.007740 0.781594
4.311139 -0.113144 -0.390569
3.215402 -0.949587 -0.997277
-3.896283 -0.729904 -0.728483
2.456000 -0.758567 -0.774044
1.876463 -0.473798 -0.300929
-4.184819 -0.604534 -0.503435
3.574743 -0.939840 -0.907648
-0.583640 0.650995 0.834462
-1.126626 0.023177 0.429709
4.517408 -0.157257 -0.193748
-1.962970 -0.649748 -0.382198
-5.901153 0.972069 0.927909
-4.982691 0.424632 0.267022
-3.792725 -0.689268 -0.795398
-4.087224 -0.730583 -0.585231
-4.675101 -0.141393 -0.037279
3.642581 -1.102161 -0.877108
3.971689 -0.737531 -0.674805
-0.722094 0.531108 0.750424
4.718175 -0.069007 0.005786
5.635816 0.866427 0.797673
-4.331532 -0.229114 -0.371716
1.868492 -0.316195 -0.293318
0.676423 0.928768 0.779817
-0.560684 0.941473 0.846892
6.114744 0.801140 0.985847
4.706144 -0.398632 -0.006245
2.339130 -0.946507 -0.694938
4.706973 -0.161986 -0.005416
-1.490536 0.049786 0.080174
0.581725 0.822562 0.835516
-2.524216 -0.744530 -0.815400
3.986340 -0.294716 -0.663920
0.137208 0.955799 0.990602
0.137713 1.057319 0.990533
-4.675221 0.310022 -0.037160
1.804042 -0.278607 -0.231137
6.040368 0.994651 0.970664
2.020062 -0.671223 -0.434304
-1.303139 0.088428 0.264473
4.298858 -0.434655 -0.401845
1.535246 -0.031634 0.035543
4.541455 -0.227087 -0.170103
2.106294 -0.562852 -0.510269
-0.736736 0.706550 0.740666
-1.865211 -0.019300 -0.290180
-5.693998 0.737894 0.831393
4.158767 -0.708048 -0.525772
-3.658523 -1.165834 -0.869340
-6.141829 1.054430 0.990026
5.590880 0.891560 0.769776
0.950166 0.633971 0.581548
-2.618627 -0.377877 -0.866342
-4.269118 -0.587523 -0.428896
-4.625486 -0.199078 -0.086793
-5.853304 1.107420 0.909015
-0.441570 0.913445 0.904082
-0.669882 0.977526 0.783895
4.680016 0.084668 -0.032367
3.085724 -1.066984 -0.998440
6.234530 0.920619 0.998817
-1.593969 -0.097364 -0.023171
1.300460 0.243038 0.267056
6.241733 1.116733 0.999141
0.733817 1.070488 0.742624
2.120219 -0.522352 -0.522195
4.194852 -0.755047 -0.494742
4.814199 0.029080 0.101634
-0.441333 1.448747 0.904183
1.373123 -0.054370 0.196389
4.744887 0.095404 0.032492
-2.828279 -0.726479 -0.951317
6.070746 1.004315 0.977519
3.239442 -0.807169 -0.995217
5.901682 0.417377 0.928106
6.116801 0.886732 0.986190
1.189849 0.255833 0.371800
0.281967 1.149499 0.960510
-1.729182 -0.270706 -0.157724
-1.427664 0.136532 0.142644
4.966236 0.324745 0.251130
-0.945066 0.540887 0.585689
3.551819 -1.237438 -0.917031
4.960250 0.452186 0.245331
-5.452242 0.992633 0.674179
4.733437 -0.241669 0.021047
-1.204294 0.314483 0.358352
1.483147 -0.075391 0.087537
1.461080 -0.004934 0.109496
-4.060211 -0.689603 -0.606919
5.559867 1.132817 0.749614
3.281905 -0.950189 -0.990172
-5.938763 1.039856 0.941271
0.233649 0.641880 0.972828
-4.361898 -0.238741 -0.343359
-1.889365 -0.168088 -0.313208
-4.055931 -0.636891 -0.610314
2.024299 -0.432537 -0.438117
-5.476803 0.496605 0.692114
-0.253343 1.232060 0.968080
-4.409950 0.125453 -0.297849
-2.214647 -0.591136 -0.600279
2.865948 -1.156136 -0.962250
3.392832 -1.311450 -0.968605
0.027795 1.268725 0.999614
3.190685 -0.789956 -0.998795
-1.810539 -0.414078 -0.237453
5.389807 0.455445 0.626784
1.892997 -0.179558 -0.316655
4.194172 -0.648403 -0.495332
3.858149 -0.894262 -0.754072
-1.390116 0.589912 0.179699
2.777527 -1.257357 -0.934457
0.447026 1.046057 0.901737
-3.662601 -0.621289 -0.867318
-4.800175 0.089791 0.087673
-3.336868 -1.071296 -0.980994
-2.560166 -1.074281 -0.835680
4.590409 -0.298048 -0.121677
-3.305337 -0.932717 -0.986624
-5.588792 0.999481 0.768442
5.820930 0.939598 0.895049
5.306185 0.430935 0.559511
-3.013214 -0.867774 -0.991771
-1.970532 -0.402494 -0.389175
0.945660 0.364123 0.585208
1.615983 -0.315478 -0.045171
-3.016536 -0.929983 -0.992191
5.219042 0.286699 0.485254
-1.566739 0.269027 0.004057
-6.047917 0.932520 0.972452
3.257646 -0.649449 -0.993273
0.262666 0.904117 0.965701
-5.690426 0.978033 0.829402
4.482759 -0.191887 -0.227617
-2.105375 -0.198566 -0.509479
1.623494 0.228722 -0.052674
0.228404 0.935501 0.974029
3.098454 -1.324653 -0.999070
1.207830 0.477833 0.355049
2.290861 -0.777493 -0.659434
0.730790 0.921133 0.744648
-1.182435 0.090754 0.378672
1.391593 0.349415 0.178245
1.080387 0.389836 0.470987
-1.641065 0.018683 -0.070211
4.222441 -0.438136 -0.470580
-4.284924 -0.548770 -0.414566
-6.180949 1.062747 0.994778
-3.519475 -0.968987 -0.929448
1.077931 0.211334 0.473153
-2.353484 -0.744136 -0.705187
-4.363354 -0.254541 -0.341991
-0.511215 0.821691 0.872151
3.032478 -0.550885 -0.994053
3.329652 -1.071556 -0.982369
-2.542787 -0.683914 -0.826009
3.141998 -1.294950 -1.000000
-1.145427 0.622314 0.412657
-6.142542 1.242052 0.990126
-0.621649 0.471669 0.812919
5.985864 1.129922 0.956125
-4.271646 -0.404643 -0.426611
5.133659 0.328596 0.408920
5.412552 0.872442 0.644343
-1.659370 0.156907 -0.088458
-4.449260 -0.438255 -0.260103
3.478500 -1.104675 -0.943781
-0.685479 0.956989 0.774116
5.463824 0.687879 0.682688
-3.756961 -0.782693 -0.816561
1.607890 -0.040769 -0.037085
-0.874305 0.596804 0.641530
4.559713 -0.276673 -0.152084
3.598540 -0.971974 -0.897404
5.315456 0.426941 0.567171
4.213471 -0.392822 -0.478476
5.039019 0.329749 0.320853
-2.406453 -0.634323 -0.741737
1.920791 -0.259281 -0.342893
4.389077 -0.610861 -0.317708
3.317390 -0.911707 -0.984587
5.509189 0.880038 0.715123
-0.042476 1.086857 0.999098
-3.438490 -0.992961 -0.956249
0.818206 0.388635 0.683532
6.161247 1.073753 0.992575
-5.418617 0.863006 0.648969
6.112793 0.976219 0.985518
-3.121365 -1.029082 -0.999795
4.375802 -0.368221 -0.330267
-5.094188 0.272215 0.372590
-3.520865 -0.857657 -0.928934
-2.648469 -0.992861 -0.880859
4.104487 -0.396560 -0.571147
0.964719 0.667636 0.569648
-2.970194 -1.216475 -0.985347
5.249511 0.753565 0.511665
-1.849885 -0.262848 -0.275480
-1.505001 0.124155 0.065748
0.779468 0.533661 0.711288
-2.814764 -1.053816 -0.947065
-0.971192 0.550193 0.564316
5.007312 0.259202 0.290666
-3.153424 -1.225320 -0.999930
-5.571215 1.025185 0.757076
3.980114 -0.559607 -0.668563
-3.296940 -1.336129 -0.987958
-6.032424 0.829689 0.968724
-3.598070 -0.718136 -0.897611
5.409623 0.261627 0.642100
-2.117918 -0.587792 -0.520231
-0.206323 0.904954 0.978791
3.110482 -1.154905 -0.999516
-5.753476 0.955634 0.862954
-0.237998 0.972736 0.971812
-0.727032 0.799877 0.747151
-5.615834 0.995954 0.785464
6.043549 1.103656 0.971424
1.443318 0.079117 0.127133
0.414202 0.932019 0.915438
1.018269 0.775434 0.524840
-0.487218 1.106059 0.883639
-5.899386 1.017873 0.927249
2.654327 -0.923460 -0.883616
-5.896045 1.308064 0.925993
4.589561 0.155797 -0.122519
3.104038 -1.232632 -0.999295
-0.593304 0.768777 0.829098
4.936440 0.198802 0.222181
-2.860283 -0.773625 -0.960693
-0.724787 0.634407 0.748640
4.095879 -0.786372 -0.578191
-3.976272 -0.855747 -0.671415
-1.843405 -0.135109 -0.269245
5.605598 0.735984 0.779088
5.451743 0.438345 0.673810
-2.772697 -1.120070 -0.932726
-2.009030 -0.616379 -0.424340
0.118904 0.698456 0.992939
-6.103774 1.273696 0.983949
-1.802333 -0.025983 -0.229474
0.472562 1.015746 0.890405
-2.448986 -0.553522 -0.769584
-6.156735 0.999253 0.992016
-3.270512 -0.999745 -0.991701
1.934763 -0.138587 -0.355984
-1.474545 0.013170 0.096103
3.421218 -1.060266 -0.961159
4.037589 -0.785238 -0.624741
-4.402695 -0.403992 -0.304767
4.447029 -0.385523 -0.262256
5.201709 0.343436 0.470026
1.572266 0.424052 -0.001470
-2.877055 -1.128753 -0.965213
2.693353 -0.903978 -0.901211
-2.314243 -0.489164 -0.676829
4.410845 -0.142779 -0.296995
-5.207406 0.289013 0.475046
0.716069 0.711915 0.754392
-6.188499 1.184205 0.995521
5.306178 0.493782 0.559505
-3.139530 -1.087632 -0.999998
6.238175 0.997139 0.998987
-0.207014 1.049328 0.978649
4.761704 0.194897 0.049295
0.634859 0.430846 0.805155
1.093943 0.557071 0.458986
-0.482131 1.262732 0.886009
0.110652 1.238901 0.993884
-2.870079 -0.792388 -0.963366
-0.886270 0.518150 0.632306
-3.875480 -0.935894 -0.742577
-0.417731 0.865233 0.914012
-5.153868 0.820695 0.427277
-3.676521 -1.068592 -0.860305
1.411321 0.064411 0.158800
-3.504457 -0.733470 -0.934884
-3.005911 -1.044508 -0.990809
1.187100 0.387458 0.374350
-2.370633 -0.865105 -0.717243
0.550379 0.996138 0.852327
-6.269550 0.938848 0.999907
4.788252 0.138525 0.075791
2.288560 -0.379436 -0.657702
5.753638 0.731230 0.863036
3.730946 -0.981173 -0.831300
-4.462232 -0.408320 -0.247557
-3.577176 -1.192583 -0.906624
1.928944 -0.342326 -0.350540
-6.195558 0.613674 0.996163
-0.282523 0.745819 0.960355
6.016018 1.219323 0.964523
-1.945033 -0.380087 -0.365562
-5.845050 0.777235 0.905544
1.042050 0.951672 0.504451
1.977407 -0.724675 -0.395499
-2.523942 -0.777343 -0.815241
2.682142 -0.798084 -0.896296
5.762888 0.773794 0.867672
4.255634 -0.402214 -0.441038
-2.465518 -0.735879 -0.780035
-4.904823 0.538172 0.191249
0.329291 0.754712 0.946272
5.612973 0.865590 0.783690
-0.575304 0.737277 0.839027
-5.669940 0.780305 0.817784
-3.436025 -1.263890 -0.956967
3.925782 -0.532842 -0.707961
2.027981 -0.156633 -0.441423
-2.579337 -0.732167 -0.846055
1.452617 0.044542 0.117904
5.528585 0.604964 0.728546
0.416264 0.825666 0.914606
-4.324999 0.000852 -0.377773
-3.102503 -0.984580 -0.999236
-3.821668 -1.123446 -0.777526
-3.221638 -0.849942 -0.996798
0.476152 1.276677 0.888765
-0.389239 0.915193 0.925198
0.061916 0.494461 0.998084
5.907863 0.836085 0.930389
-4.006418 -0.520608 -0.648773
2.684671 -0.665393 -0.897415
2.608277 -0.880941 -0.861126
5.654987 0.646833 0.809088
2.540901 -0.952968 -0.824945
-0.060884 1.152975 0.998147
1.894159 -0.490723 -0.317757
4.453891 -0.211037 -0.255629
4.976937 0.276792 0.261473
6.141880 1.234560 0.990033
1.929955 -0.633355 -0.351486
-1.246292 0.402091 0.318839
-0.741420 0.806675 0.737510
-4.552507 0.025021 -0.159201
2.846879 -1.034902 -0.956885
-5.411017 1.082488 0.643168
2.285326 -0.549366 -0.655262
0.700382 0.763444 0.764596
-0.665713 0.872346 0.786477
5.042814 0.215077 0.324445
-3.922236 -0.447622 -0.710461
2.120640 -0.378908 -0.522554
-1.615768 0.218520 -0.044957
4.599045 0.106900 -0.113101
1.252932 0.388428 0.312539
4.316510 -0.520471 -0.385619
-5.740536 1.575695 0.856344
0.983481 0.798169 0.554129
1.977841 -0.523382 -0.395898
-2.706434 -0.469493 -0.906803
-5.837167 0.890432 0.902172
-3.041028 -0.606520 -0.994948
-4.800272 0.090434 0.087770
6.148150 1.134109 0.990897
-1.510974 0.366677 0.059787
0.672892 1.121487 0.782022
-6.003328 0.782930 0.961095
-5.289431 0.368425 0.545547
-4.096846 -0.448524 -0.577402
-5.886596 1.023244 0.922384
-2.944502 -1.022589 -0.980641
4.013245 -1.233988 -0.643563
2.537596 -1.402234 -0.823072
-5.673220 0.591749 0.819668
2.516417 -0.841368 -0.810860
3.611975 -0.455509 -0.891395
3.790952 -0.938597 -0.796471
-1.126202 0.421948 0.430092
2.535498 -1.143808 -0.821879
-0.033661 0.872914 0.999434
4.008273 -0.565285 -0.647360
0.210315 0.939838 0.977965
-4.294306 -0.122705 -0.406009
5.319773 0.810903 0.570721
5.165424 0.569512 0.437696
2.438112 -0.640847 -0.762595
6.038679 1.360224 0.970257
4.401062 -0.286678 -0.306322
-3.939192 -0.679217 -0.698427
3.673574 -0.759147 -0.861804
-3.662764 -0.810967 -0.867237
2.003118 -0.576745 -0.418980
2.645443 -0.972688 -0.879422
-2.193886 -0.560718 -0.583547
-4.066851 -0.707493 -0.601628
2.898720 -1.034337 -0.970651
-1.552709 -0.069481 0.018087
-5.734909 0.589985 0.853424
2.419038 -0.754245 -0.750119
2.116026 -0.737743 -0.518615
0.011196 0.906613 0.999937
6.019038 1.155005 0.965315
-2.595727 -0.910689 -0.854678
-2.653076 -0.787518 -0.883030
-2.162774 -0.465798 -0.558004
2.523049 -1.033796 -0.814724
-4.768676 0.153909 0.056257
-1.180144 0.290581 0.380792
5.398651 0.572803 0.633650
2.908988 -1.025918 -0.973069
1.349037 -0.023571 0.219946
1.419606 0.351728 0.150615
-3.084207 -1.004516 -0.998354
-2.087118 -0.633787 -0.493685
-3.058199 -1.152482 -0.996525
-0.532446 1.204847 0.861568
1.534963 0.466692 0.035825
-6.193448 1.000584 0.995976
-4.756473 -0.012855 0.044070
-4.573687 -0.222651 -0.138257
1.267369 0.487785 0.298792
5.069003 0.448825 0.349103
5.995547 1.114463 0.958916
-4.729877 0.349650 0.017487
-5.811859 0.979464 0.890967
1.724208 -0.220412 -0.152811
-2.326896 -0.990083 -0.686089
-3.785638 -1.116634 -0.799674
2.381606 -0.621646 -0.724845
0.284322 0.499178 0.959852
1.956825 -0.249331 -0.376513
-4.258791 -0.558672 -0.438202
-5.527845 0.778535 0.728038
5.738465 0.473564 0.855272
6.243851 1.210338 0.999227
4.719496 -0.061610 0.007106
1.573911 0.187364 -0.003115
-3.505913 -0.889209 -0.934366
-3.528956 -1.001481 -0.925908
-1.256590 0.343267 0.309062
-3.008168 -0.967260 -0.991112
-1.166448 0.182437 0.393420
2.478297 -0.963513 -0.787968
4.326369 -0.337153 -0.376505
-2.289971 -0.464341 -0.658764
3.264915 -1.200704 -0.992405
6.155841 0.870946 0.991903
-5.666179 0.965593 0.815614
2.687839 -0.842265 -0.898808
-4.035376 -0.690659 -0.626468
5.355673 0.966946 0.599826
0.482781 0.563263 0.885707
-2.543456 -0.630399 -0.826387
-2.556903 -0.530243 -0.833883
-5.236653 0.557228 0.500576
-4.315938 -0.062895 -0.386147
-6.208720 1.060080 0.997229
-5.544437 0.702540 0.739312
-2.801409 -0.989016 -0.942693
1.845573 -0.075684 -0.271332
-5.789443 1.101373 0.880565
2.353148 -0.709338 -0.704949
-4.982414 0.525403 0.266756
-2.926979 -1.023227 -0.977059
-0.128638 1.300759 0.991738
-3.961417 -0.162164 -0.682350
5.124392 0.815849 0.400445
0.917630 0.741711 0.607704
-2.076528 -0.473860 -0.484448
5.262382 0.377537 0.522681
-6.201821 0.818893 0.996692
4.127068 -0.484291 -0.552467
-5.810857 0.944085 0.890511
5.404604 0.580480 0.638244
-0.665002 0.610891 0.786916
3.734296 -0.697987 -0.829434
-4.910282 0.201029 0.196603
-2.507204 -0.571832 -0.805434
-3.140503 -0.843987 -0.999999
0.745313 0.368894 0.734876
-1.317444 0.099513 0.250651
-1.894019 -0.527257 -0.317624
-2.443594 -0.660074 -0.766130
-0.641320 0.627263 0.801307
-0.941981 0.788244 0.588187
-5.273313 0.205990 0.531969
1.995468 -0.331216 -0.412022
3.624157 -1.028691 -0.885808
0.741380 0.794918 0.737537
0.569031 0.953186 0.842423
0.622784 0.558171 0.812258
0.377074 0.872924 0.929746
-4.184769 -0.848827 -0.503479
-3.181440 -1.110104 -0.999206
-2.013406 -0.638559 -0.428300
3.887435 -1.001665 -0.734517
-0.110916 1.009169 0.993855
0.674990 0.852372 0.780713
-2.794531 -0.827031 -0.940376
3.129870 -0.821351 -0.999931
-4.573682 -0.116341 -0.138262
4.564628 -0.395565 -0.147224
-5.136182 0.550258 0.411221
0.836790 0.978908 0.669850
-5.443536 0.497236 0.667724
3.855890 -0.778631 -0.755554
-1.407251 0.290944 0.162817
-4.690620 -0.159956 -0.021768
4.605873 -0.293977 -0.106314
1.848347 -0.311816 -0.274001
2.885339 -1.526298 -0.967346
-0.901898 0.635862 0.620122
2.316083 -0.902738 -0.678183
-1.732652 -0.375446 -0.161150
3.468937 -0.808175 -0.946900
-2.973651 -1.002006 -0.985931
4.820265 0.472326 0.107667
4.776439 -0.333291 0.064007
-3.958934 -0.485444 -0.684162
6.239472 1.105799 0.999045
-6.281004 1.057435 0.999998
-2.252717 -0.351218 -0.630285
-1.725718 0.108165 -0.154303
3.571767 -0.923437 -0.908893
-3.093508 -0.929368 -0.998844
-5.627953 1.051377 0.792906
2.600077 -0.577196 -0.856928
-2.247828 -0.800323 -0.626482
-2.290218 -0.699965 -0.658950
-2.967735 -0.977653 -0.984925
-4.083245 -0.553860 -0.588452
-0.842117 0.663659 0.665885
4.661060 -0.316653 -0.051306
0.110117 1.026467 0.993943
4.324685 -0.333780 -0.378064
-5.454184 0.662568 0.675612
-2.982049 -1.537205 -0.987300
5.421095 0.639638 0.650852
-0.972331 0.468443 0.563375
1.121919 0.357622 0.433954
0.331857 0.676768 0.945439
-0.819787 0.702913 0.682377
-2.870749 -1.042730 -0.963546
1.479256 -0.039177 0.091413
-5.153532 0.632870 0.426973
-0.945372 0.671792 0.585442
-4.230786 -0.568445 -0.463200
-0.856058 0.775598 0.655419
6.153978 1.204625 0.991664
-0.080729 1.181731 0.996743
1.278196 0.420453 0.288443
-3.473888 -0.206744 -0.945296
-1.531180 -0.034815 0.039606
-3.899935 -0.683230 -0.725977
4.761486 -0.332961 0.049077
-1.424399 0.305164 0.145875
1.381508 0.249408 0.188160
-4.912464 0.246882 0.198742
2.982595 -1.182481 -0.987386
-2.664457 -0.785726 -0.888314
-4.273449 -0.356339 -0.424981
2.046629 -1.081747 -0.458079
-2.091725 -0.559687 -0.497686
-2.440340 -0.640728 -0.764035
0.927055 0.798879 0.600192
-4.975416 0.524474 0.260005
0.013519 0.921160 0.999909
-1.638007 -0.088457 -0.067160
-4.188390 -0.585311 -0.500346
0.162378 1.393512 0.986846
6.192528 0.830058 0.995893
-2.545006 -0.596844 -0.827258
-2.973100 -0.998101 -0.985839
5.407894 0.888457 0.640773
5.750322 0.826282 0.861356
-4.619909 -0.071527 -0.092349
-0.171128 1.049117 0.985393
-4.127466 -0.657528 -0.552135
3.568372 -0.770509 -0.910304
4.762371 0.322074 0.049961
4.646659 0.174118 -0.065683
6.045537 1.025242 0.971894
0.779226 0.795122 0.711458
-0.325270 0.862678 0.947565
-5.382585 0.740662 0.621140
6.083136 0.920201 0.980057
-3.621293 -1.267076 -0.887133
-0.141812 0.793785 0.989962
-1.764332 -0.360048 -0.192329
4.402536 -0.249567 -0.304919
4.662812 -0.025267 -0.049557
1.872495 0.026093 -0.297142
2.625333 -0.742334 -0.869672
0.630401 0.855761 0.807791
4.228875 -0.697972 -0.464893
2.552401 -1.026762 -0.831390
0.275389 1.250733 0.962319
1.537804 0.061223 0.032987
3.791316 -1.015136 -0.796251
-3.195281 -0.869015 -0.998559
-2.582429 -0.991716 -0.847699
4.165684 -0.447930 -0.519876
-5.826528 1.035393 0.897532
-1.218591 0.209782 0.344969
4.287883 0.050575 -0.411871
2.611877 -1.102197 -0.862951
-1.685103 -0.043891 -0.114058
-3.225147 -1.386008 -0.996511
-1.072342 0.657991 0.478068
6.043069 0.662806 0.971310
-6.081210 0.680886 0.979672
2.095603 -0.471161 -0.501046
2.026853 -0.360180 -0.440411
4.840233 0.017254 0.127496
3.444756 -0.773031 -0.954397
-4.966369 0.315428 0.251259
-4.356340 -0.261362 -0.348574
5.070822 0.233082 0.350808
3.816131 -0.664247 -0.780995
-6.222550 0.902549 0.998162
-2.261640 -0.587601 -0.637187
-3.684140 -0.857951 -0.856396
0.063516 1.054179 0.997984
-4.557580 -0.534412 -0.154191
-3.414073 -0.946177 -0.963106
2.611523 -1.075297 -0.862772
-1.337525 0.412571 0.231162
-1.528066 -0.243460 0.042718
-1.403274 0.296843 0.166740
4.555296 0.109969 -0.156447
2.434450 -0.607241 -0.760221
1.169969 0.301807 0.390180
1.832870 -0.349602 -0.259084
3.796608 -0.877876 -0.793038
-2.758735 -1.325321 -0.927601
-2.511390 -1.205158 -0.807908
5.027680 0.490490 0.310093
-3.332865 -0.639628 -0.981763
-2.946595 -1.093090 -0.981048
-5.622872 0.654621 0.789800
-3.516488 -0.942318 -0.930546
2.227880 -0.635479 -0.610811
-4.176268 -0.728585 -0.510805
-0.252204 0.733328 0.968365
-4.078917 -0.579896 -0.591947
1.644765 -0.004931 -0.073902
-3.168227 -1.179648 -0.999645
-3.617026 -0.960924 -0.889095
5.693606 0.748190 0.831175
-4.795641 0.196878 0.083156
1.135166 0.484974 0.421982
-2.900207 -0.955757 -0.971008
2.482983 -0.519542 -0.790844
0.334586 0.744486 0.944546
3.595514 -1.258735 -0.898735
-0.743490 0.501496 0.736111
0.930938 0.930046 0.597082
5.961234 1.238661 0.948620
-4.025966 -0.349609 -0.633774
0.049928 1.103534 0.998754
-1.775899 0.008934 -0.203667
0.601678 0.470330 0.824387
-3.155464 -1.378718 -0.999904
5.218008 0.606639 0.484349
-1.180767 0.442716 0.380215
-5.857227 0.687356 0.910643
2.899399 -0.799858 -0.970814
4.880967 0.133773 0.167781
-5.396551 0.817926 0.632024
-5.903618 1.221539 0.928825
-2.968374 -0.732827 -0.985035
4.524448 -0.650465 -0.186836
-5.460628 0.362583 0.680349
0.297536 1.043769 0.956062
-5.000469 -0.268410 0.284112
-3.694580 -0.892130 -0.850959
-4.120654 -0.088014 -0.557802
4.466507 -0.167940 -0.243412
-4.051111 -1.030902 -0.614126
2.156205 -0.751652 -0.552540
3.353246 -1.319289 -0.977685
5.418737 0.384650 0.649060
4.242794 -0.214452 -0.452525
-5.081673 0.202500 0.360948
5.136966 0.527846 0.411936
1.289102 0.220735 0.277983
5.829211 1.203339 0.898711
5.563232 0.907015 0.751836
2.369785 -1.186222 -0.716651
2.957187 -1.117741 -0.983045
-0.258000 0.738155 0.966902
0.691082 0.572819 0.770557
-2.772513 -0.892217 -0.932660
2.544681 -0.998519 -0.827076
-2.648600 -0.817457 -0.880920
0.292573 0.704278 0.957505
-5.743608 0.413303 0.857926
-0.166778 0.942459 0.986125
-5.295941 0.406087 0.550991
-1.056521 0.274960 0.491904
-4.611887 -0.054739 -0.100333
2.688981 -1.017689 -0.899308
1.017901 0.483494 0.525153
-5.203419 0.587794 0.471535
1.252362 0.346674 0.313080
2.816235 -0.980538 -0.947536
3.205216 -0.909953 -0.997977
2.676776 -0.992420 -0.893904
2.017426 -0.446623 -0.431928
-0.603870 0.899709 0.823144
-1.785686 -0.048732 -0.213239
-2.369582 -0.415185 -0.716510
-4.701532 0.571751 -0.010857
-1.304293 0.530192 0.263360
1.326142 0.196006 0.242221
2.910212 -0.787513 -0.973351
-2.935904 -0.566849 -0.978921
4.085729 -0.233605 -0.586443
-5.463863 0.801664 0.682717
1.767699 -0.348509 -0.195633
0.598660 0.476300 0.826092
3.016736 -1.186973 -0.992216
0.416806 0.673866 0.914387
0.056371 0.991335 0.998412
0.817059 0.768490 0.684369
5.260672 0.355669 0.521223
-5.167377 0.498841 0.439451
-2.030960 -0.513994 -0.444095
-0.121521 1.041824 0.992625
-4.846973 0.170587 0.134178
-2.033734 -0.755877 -0.446578
-2.766225 -0.777529 -0.930373
-4.376959 -0.188838 -0.329176
2.303703 -0.868088 -0.669033
-4.480008 -0.173517 -0.230295
4.674037 0.286155 -0.038343
-2.488059 -0.607630 -0.793940
-0.895551 0.563980 0.625089
3.885443 -0.813615 -0.735867
1.583988 0.103003 -0.013191
-0.261485 0.824040 0.966007
1.197744 -0.038858 0.364460
0.097605 0.960072 0.995240
-2.851855 -0.685673 -0.958319
-2.109616 -0.379323 -0.513124
-4.307898 -0.285223 -0.393550
2.505663 -0.776030 -0.804520
-4.212269 -0.511676 -0.479531
-4.843753 -0.145455 0.130986
3.363624 -1.067704 -0.975452
-3.228338 -1.058261 -0.996240
-1.302441 0.652778 0.265146
-4.492501 -0.719150 -0.218121
-6.230309 0.926680 0.998602
-3.941686 -0.638759 -0.696640
-0.885068 0.593238 0.633237
-5.992126 1.235950 0.957940
0.430188 1.146124 0.908887
3.122544 -0.924228 -0.999819
0.104879 0.535073 0.994505
-4.017189 -0.716189 -0.640539
0.349900 0.740962 0.939407
4.948466 0.583402 0.233890
-4.602742 -0.387104 -0.109427
-0.720575 1.238680 0.751427
2.062972 -0.573321 -0.472544
2.269624 -0.237042 -0.643321
1.740030 -0.458854 -0.168427
6.115506 0.977769 0.985975
3.583789 -0.780216 -0.903814
3.685059 -0.754889 -0.855922
-0.733381 0.617685 0.742915
0.859369 0.940474 0.652916
-1.573634 -0.272422 -0.002838
5.178915 0.466274 0.449786
-3.018885 -0.910288 -0.992481
-0.492827 0.490941 0.880999
4.291376 -0.563262 -0.408685
-3.368755 -0.776321 -0.974309
-1.996627 -0.230288 -0.413077
-0.241945 1.076935 0.970874
-0.405532 1.153309 0.918893
-6.227958 1.143935 0.998475
-5.948578 0.648684 0.944539
-1.237716 0.215259 0.326956
-4.103113 -0.503711 -0.572273
-4.058923 -0.657234 -0.607942
-1.613362 -0.373021 -0.042553
-4.371544 -0.158007 -0.334284
3.647927 -0.713942 -0.874528
3.651669 -1.037443 -0.872707
-1.058921 0.789252 0.489813
-0.334816 0.687913 0.944471
2.175872 -1.034157 -0.568824
0.902445 1.102348 0.619693
1.192617 0.302564 0.369229
4.182778 -0.308365 -0.505197
4.559962 -0.321654 -0.151838
0.120549 1.016596 0.992743
-2.735071 -0.659155 -0.918502
5.803133 0.809243 0.886971
5.448047 0.877900 0.671075
-4.524037 -0.121413 -0.187241
1.157475 0.569181 0.401653
-3.460938 -0.703596 -0.949441
-4.256822 -0.440694 -0.439972
-6.038903 1.030460 0.970311
0.250010 1.109942 0.968910
0.564672 1.028705 0.844764
-4.686956 0.217181 -0.025431
5.309662 1.012818 0.562390
-1.992608 -0.396825 -0.409414
5.058713 0.081011 0.339442
-3.118179 -1.141068 -0.999726
4.132459 -0.329213 -0.547965
1.181384 0.311507 0.379645
0.553624 1.046655 0.850625
0.751772 0.551722 0.730480
-2.833423 -1.122325 -0.952890
0.882262 0.509205 0.635406
3.441899 -1.080875 -0.955246
2.051736 -0.602896 -0.462612
-2.139690 -0.409368 -0.538700
1.061211 0.600768 0.487815
-6.151777 0.617078 0.991378
3.847220 -0.792620 -0.761205
0.710029 0.672782 0.758343
4.160890 -0.360676 -0.523964
2.800401 -1.024653 -0.942357
3.841067 -0.632278 -0.765181
0.424941 0.975875 0.911063
4.747827 0.193540 0.035430
2.156717 -0.462119 -0.552967
-2.770713 -1.264865 -0.932009
2.365304 -0.691959 -0.713519
6.210002 1.402892 0.997323
0.573561 0.752188 0.839974
4.772993 0.023418 0.060567
5.327733 0.705114 0.577240
2.204989 -0.462150 -0.592527
-5.269832 0.413153 0.529018
1.726726 0.031389 -0.155298
-5.900867 1.036236 0.927802
-0.068939 1.032113 0.997625
-3.211334 -0.683992 -0.997569
5.264795 0.859446 0.524737
-6.160624 0.847173 0.992499
0.401221 0.800167 0.920585
-1.798362 -0.437131 -0.225607
-3.008950 -0.664419 -0.991216
-4.314022 -0.443385 -0.387914
-1.463341 0.152743 0.107248
-5.611332 0.990964 0.782669
-0.951821 1.190583 0.580201
-4.384832 -0.368978 -0.321730
-0.985722 0.645688 0.552262
1.934045 -0.299103 -0.355312
-1.489755 -0.056362 0.080953
-0.223291 0.861288 0.975174
-5.753560 0.792968 0.862996
-0.997903 0.310786 0.542066
-6.049135 0.836661 0.972735
-4.941150 0.037592 0.226771
2.195459 -0.552375 -0.584823
5.144038 0.562253 0.418369
5.937223 0.755529 0.940750
-5.347628 0.430256 0.593370
-2.672458 -0.957236 -0.891960
-2.108818 0.017397 -0.512438
1.043230 0.899048 0.503432
5.763559 1.156728 0.868005
-5.670049 0.879734 0.817847
1.998419 -0.377290 -0.414709
-2.500635 -1.040835 -0.801523
5.348215 0.331163 0.593842
-1.814630 -0.358525 -0.241425
5.624500 0.917247 0.790798
6.234330 1.279167 0.998807
-1.429210 -0.104626 0.141114
-1.729253 -0.071750 -0.157794
-4.768300 0.399009 0.055882
3.427301 -0.806548 -0.959462
5.360378 0.426859 0.603584
-5.896673 0.607139 0.926230
1.432308 0.327689 0.138046
0.754621 0.486369 0.728531
-4.475397 -0.173533 -0.234779
-6.275410 1.037221 0.999970
-2.714864 -0.918482 -0.910325
-4.385634 -0.690654 -0.320972
-1.023393 0.378824 0.520472
-4.802990 -0.258456 0.090477
-0.262884 0.739683 0.965644
1.216433 0.563905 0.346993
-0.709693 0.753070 0.758562
-4.573046 -0.187084 -0.138892
0.357200 0.558880 0.936880
1.369930 0.291526 0.199518
-3.124043 -0.878149 -0.999846
0.162218 1.290123 0.986872
-4.480448 -0.174910 -0.229867
-0.369060 0.829523 0.932667
-2.108288 -0.455878 -0.511983
2.152830 -0.482687 -0.549724
-1.380695 0.163208 0.188958
-2.823861 -0.715876 -0.949947
4.265424 -0.456783 -0.432230
3.931589 -0.584667 -0.703848
2.864716 -0.667043 -0.961914
-0.554445 0.860668 0.850193
3.256384 -1.125977 -0.993419
-4.587581 -0.213310 -0.124484
2.516385 -0.848147 -0.810842
-1.961851 -0.301962 -0.381164
4.110688 -0.786836 -0.566045
5.393649 0.871209 0.629772
1.908566 -0.195170 -0.331383
5.745581 0.837147 0.858938
-4.967900 0.555779 0.252740
0.179792 1.276995 0.983881
1.744470 -0.238679 -0.172802
3.490985 -0.943505 -0.939581
0.197257 1.363954 0.980608
2.428891 -1.039916 -0.756598
-2.136683 -0.387064 -0.536164
3.953620 -0.627131 -0.688029
0.426127 0.430774 0.910574
-1.516826 0.191769 0.053944
2.671987 -0.828969 -0.891747
-2.568662 -0.567086 -0.840316
2.689321 -0.812482 -0.899457
-4.122373 -0.578273 -0.556374
-5.500587 0.704688 0.709084
-0.605207 0.781923 0.822384
4.050865 -0.558690 -0.614320
-0.061415 0.930373 0.998115
-3.634101 -0.811868 -0.881149
2.813715 -0.962785 -0.946728
-0.940239 0.804471 0.589595
4.297921 0.171983 -0.402703
-1.407527 -0.012981 0.162545
-3.701626 -0.628733 -0.847237
-5.143470 0.202465 0.417853
-3.289731 -1.069146 -0.989048
0.619021 0.571694 0.814447
-2.678134 -1.038324 -0.894512
-4.345596 -0.488718 -0.358624
0.783070 0.427722 0.708751
-3.223288 -1.233893 -0.996665
-5.154528 0.487265 0.427874
-1.706975 -0.265571 -0.135758
0.283721 1.446377 0.960020
1.717660 -0.167360 -0.146336
-3.881573 -0.925523 -0.738482
-3.811056 -0.769823 -0.784155
-6.070068 0.785016 0.977376
-4.534893 -0.300701 -0.176566
-6.179527 0.883897 0.994632
-6.025607 0.890213 0.967010
-0.166711 0.682657 0.986136
-1.554888 -0.058672 0.015907
-3.954976 -0.736399 -0.687044
-2.901846 -0.724374 -0.971398
1.896377 0.129801 -0.319859
5.010181 0.352247 0.293410
