-6.163260 0.215356 0.119638
0.722891 0.753619 0.661555
5.352313 -0.873110 -0.802141
1.350910 0.634410 0.975922
3.423368 -0.101031 -0.278062
-4.441268 0.762468 0.963471
3.504449 -0.289938 -0.354946
4.395032 -1.212806 -0.950064
3.174501 0.602718 -0.032903
-5.941826 0.130117 0.334769
-5.847367 0.307056 0.422153
4.448991 -0.594394 -0.965511
0.027222 -0.046641 0.027219
-1.791245 -1.182769 -0.975799
-5.992509 0.616871 0.286600
-3.643505 0.375397 0.481103
2.942506 0.314793 0.197774
6.035757 -0.077018 -0.244911
-0.382384 -0.269768 -0.373134
1.770828 0.654929 0.980060
1.477517 0.886115 0.995653
-4.003381 0.951859 0.759008
0.885714 0.886120 0.774367
5.508371 -0.698536 -0.699583
-1.885795 -0.436387 -0.950797
-4.034742 0.408711 0.779050
-5.909091 -0.076898 0.365430
-2.847955 -0.259373 -0.289436
-0.174204 -0.173673 -0.173324
-0.391493 -0.381262 -0.381569
-4.373528 0.736555 0.943134
-0.942835 -0.625416 -0.809227
-5.267112 0.829934 0.850047
-1.579256 -1.250045 -0.999964
4.788764 -0.967078 -0.997085
3.486485 -0.629770 -0.338096
1.709281 1.087221 0.990426
-4.417509 0.867284 0.956837
-5.946263 -0.017314 0.330584
-2.275862 -0.902633 -0.761569
4.863032 -1.167820 -0.988675
1.824663 0.993044 0.967949
0.065157 -0.039816 0.065111
3.211822 -0.149383 -0.070171
2.744016 0.716505 0.387185
6.079305 0.053330 -0.202471
1.763137 0.739263 0.981560
1.765562 1.076502 0.981093
-4.712320 1.625698 1.000000
-5.529291 0.403726 0.684483
-1.734045 -0.966789 -0.986705
5.335216 -0.631332 -0.812233
3.193837 0.279110 -0.052221
5.653363 -0.836018 -0.589001
5.657014 -0.523259 -0.586047
-5.751706 0.578586 0.506810
-3.555960 0.275309 0.402610
-4.677148 1.333441 0.999379
0.539992 0.521900 0.514129
-1.893978 -0.883576 -0.948230
-5.009600 0.703489 0.956157
0.447546 0.651887 0.432755
-2.514588 -0.410436 -0.586722
-4.382449 0.923504 0.946062
1.925427 0.802084 0.937775
-0.701235 -1.122590 -0.645162
-1.939323 -0.793975 -0.932859
5.223803 -0.999283 -0.872053
2.993312 0.064173 0.147738
-5.702465 1.077491 0.548627
0.099149 0.190572 0.098986
-5.699074 0.553633 0.551459
-1.962745 -0.553810 -0.924166
-1.745437 -1.016070 -0.984789
-3.546482 0.568362 0.393917
-4.549062 1.060058 0.986692
2.695316 0.646235 0.431610
0.345459 0.817738 0.338629
-5.097885 1.305641 0.926612
0.443418 0.117952 0.429030
3.158463 -0.167524 -0.016870
0.272202 0.066027 0.268853
4.808103 -0.811490 -0.995423
5.837380 -0.401059 -0.431184
5.862642 -0.693879 -0.408257
2.076757 0.762548 0.874709
2.770787 0.209828 0.362367
-3.813045 0.752723 0.622124
-3.694352 0.619142 0.525038
-1.183151 -0.975946 -0.925802
1.571930 1.033335 0.999999
-5.976494 0.289747 0.301906
-4.560535 1.037376 0.988492
1.157382 0.741926 0.915755
3.242507 -0.287920 -0.100743
0.781988 0.614522 0.704691
3.399691 0.010257 -0.255242
-2.650602 -0.539274 -0.471500
-5.625329 0.298149 0.611422
-2.877385 -0.107702 -0.261145
-2.190300 -0.990238 -0.814167
-3.573912 0.475789 0.418978
4.576096 -1.025822 -0.990726
1.941536 0.710524 0.932060
1.136809 0.991065 0.907296
-5.145586 0.927773 0.907628
0.710409 0.512983 0.652144
-1.332398 -0.848096 -0.971717
-0.000804 0.330695 -0.000804
6.182689 -0.399178 -0.100328
4.595277 -0.932550 -0.993150
-2.574717 -0.853479 -0.536999
4.218829 -0.894296 -0.880652
5.729144 -0.478225 -0.526128
4.465360 -0.960020 -0.969643
2.141956 1.184910 0.841275
5.184674 -0.936999 -0.890531
0.202057 0.337388 0.200684
2.944676 0.251992 0.195646
1.234108 1.261375 0.943854
-0.555699 -0.634626 -0.527538
-1.643061 -0.675246 -0.997390
-4.489388 0.580991 0.975238
1.480136 1.273415 0.995893
-4.074480 1.255573 0.803343
1.926445 0.837194 0.937421
5.146605 -0.695866 -0.907200
-0.409284 -0.524327 -0.397953
-3.728467 0.810556 0.553761
-3.845620 1.243034 0.647293
-1.989779 -0.749777 -0.913503
-4.158604 1.171201 0.850540
2.602526 0.938431 0.513335
-6.262429 0.149206 0.020755
-2.051110 -0.587666 -0.886850
-1.668679 -0.682319 -0.995213
-3.032937 -0.382250 -0.108442
-3.247356 0.047065 0.105566
-5.783173 0.359567 0.479437
3.963856 -0.780074 -0.732688
3.977073 -0.515215 -0.741619
-0.773361 -0.041873 -0.698544
-4.108685 0.950501 0.823239
3.706013 -0.762072 -0.534927
2.319485 0.566770 0.732582
-5.310325 0.623265 0.826499
3.250693 0.152058 -0.108884
-2.823858 -0.416040 -0.312415
-2.883285 -0.457562 -0.255445
-4.669408 1.185559 0.999076
-4.511183 1.176406 0.979826
-0.600830 -0.548177 -0.565327
-1.082352 -0.574921 -0.883064
4.318561 -0.910710 -0.923447
3.321630 -0.447954 -0.179066
4.858740 -0.935724 -0.989310
2.236954 0.629495 0.786202
-5.405245 0.633344 0.769425
2.950961 0.479845 0.189479
1.258722 0.895908 0.951699
1.374198 1.061811 0.980737
-0.520398 -0.694956 -0.497225
-4.070138 0.481563 0.800750
1.118614 1.029873 0.899496
-0.770635 -0.599546 -0.696591
-3.493843 0.347955 0.345010
-2.061773 -0.627156 -0.881873
5.981822 -0.345588 -0.296822
2.770901 0.463555 0.362260
3.274732 0.002633 -0.132747
1.990761 1.104534 0.913104
-4.955202 1.129548 0.970666
2.203050 0.529596 0.806698
-5.601867 0.771909 0.629818
-5.941592 0.256490 0.334989
3.652073 -0.328125 -0.488597
3.783936 -0.575705 -0.599073
-0.163253 -0.069369 -0.162529
1.584773 0.819536 0.999902
5.140213 -0.695827 -0.909871
-4.385226 1.052856 0.946958
-3.497088 0.504016 0.348055
-6.200381 0.028561 0.082710
-5.045855 0.881113 0.944913
-4.209839 0.893367 0.876357
-3.456940 0.282228 0.310146
-6.175730 -0.007205 0.107249
-2.510738 -0.666952 -0.589835
6.270167 0.110859 -0.013018
0.791131 0.641314 0.711149
-5.964762 0.550171 0.313069
4.531260 -0.756431 -0.983641
0.248065 0.115206 0.245529
-5.032194 0.772499 0.949297
5.634020 -0.635495 -0.604522
3.568483 -0.375881 -0.414042
-4.311361 1.075997 0.920660
5.164109 -1.001408 -0.899698
3.600336 -0.229364 -0.442822
2.027257 0.850146 0.897618
2.006382 0.839968 0.906623
2.890649 0.310540 0.248318
0.954677 0.752203 0.816127
1.608849 1.286234 0.999276
4.138281 -0.882980 -0.839677
-3.488320 0.450051 0.339822
-1.878246 -0.771979 -0.953108
3.028211 0.298432 0.113139
4.347229 -0.750063 -0.934067
-4.796441 1.058287 0.996470
-0.621639 -0.349796 -0.582369
-0.815458 -0.569382 -0.728040
4.569306 -1.075599 -0.989781
5.815171 -0.218112 -0.451115
-1.090245 -1.101564 -0.886740
4.873066 -0.927538 -0.987119
3.528701 -0.781004 -0.377512
-2.234967 -0.578095 -0.787428
-4.180013 0.999370 0.861603
-2.102857 -0.785646 -0.861763
2.475384 0.906960 0.618009
5.962193 -0.250283 -0.315508
5.259940 -1.079943 -0.853802
-0.815493 -0.880021 -0.728063
-0.678841 -0.770133 -0.627891
-1.985522 -0.993864 -0.915227
-1.906995 -1.019056 -0.944015
4.445927 -0.883300 -0.964709
-0.297855 -0.298575 -0.293471
2.980120 0.140059 0.160771
4.874271 -0.851904 -0.986926
-6.255783 0.420058 0.027399
-2.362843 -0.919168 -0.702390
-0.317670 -0.046533 -0.312354
0.116985 -0.017281 0.116718
-0.413113 -0.506519 -0.401463
-5.899733 0.467369 0.374124
-0.279162 -0.152699 -0.275551
-0.071547 0.100732 -0.071486
5.299231 -0.778323 -0.832693
-3.410408 0.198809 0.265590
-1.090026 -0.756378 -0.886639
-0.252423 -0.166158 -0.249751
3.502029 -0.599546 -0.352682
2.754528 0.376112 0.377472
3.687665 -0.306980 -0.519335
-0.341335 -0.330048 -0.334745
-1.085640 -0.607180 -0.884602
4.123500 -0.636265 -0.831559
2.452178 0.545791 0.636086
2.641513 0.539788 0.479495
5.893296 -0.384067 -0.380086
1.879847 0.743488 0.952623
-5.337741 0.783877 0.810757
-4.092018 0.676795 0.813663
-4.637134 1.060414 0.997170
-1.372328 -1.094495 -0.980370
6.027785 -0.347899 -0.252633
-1.923078 -1.045729 -0.938588
2.774219 0.622248 0.359165
2.457340 0.580926 0.632094
6.151381 -0.090675 -0.131423
-5.615860 0.862296 0.618887
-3.396583 0.160991 0.252236
-4.829749 0.990465 0.993121
3.806603 -0.562353 -0.617067
-5.639041 0.392653 0.600514
-3.928683 0.470906 0.708302
4.028454 -1.100934 -0.775093
-2.137250 -0.640794 -0.843810
-3.617422 0.453014 0.458076
0.409034 0.520970 0.397723
-2.135166 -1.195896 -0.844926
5.124676 -0.816266 -0.916207
-5.853215 0.438072 0.416844
-0.007605 -0.155487 -0.007605
1.740757 0.882131 0.985591
2.895862 0.043530 0.243266
-5.820730 0.837325 0.446147
-1.742823 -0.894001 -0.985240
-0.274477 -0.031254 -0.271044
-3.037959 -0.358936 -0.103448
-2.691764 -0.686062 -0.434811
-2.072277 -0.607172 -0.876872
-5.044392 1.023798 0.945391
4.704636 -0.623191 -0.999970
-3.915026 0.583327 0.698596
-3.689611 0.069177 0.520997
-3.288244 0.412797 0.146126
-5.368688 1.090334 0.792256
-0.308709 -0.436486 -0.303829
-2.747335 -0.076738 -0.384123
4.425902 -1.046071 -0.959243
4.719635 -1.042463 -0.999974
-2.068398 -1.012140 -0.878730
-5.339357 0.420420 0.809810
-1.539052 -0.905918 -0.999496
2.759974 0.093720 0.372424
-3.008368 -0.047159 -0.132831
-5.261023 0.747294 0.853238
-6.000087 -0.158027 0.279332
3.520111 -0.668898 -0.369544
-5.929397 0.229892 0.346454
-5.851297 0.014199 0.418586
0.224446 0.262795 0.222566
-5.184166 0.712249 0.890762
-4.816444 0.669078 0.994591
0.945002 0.800287 0.810498
-2.208898 -0.713030 -0.803228
4.591224 -0.626760 -0.992669
-6.016722 0.382060 0.263321
0.200663 0.018704 0.199319
-1.094548 -0.800726 -0.888721
3.257064 0.026720 -0.115215
0.772912 0.801717 0.698223
0.279967 0.058600 0.276324
2.586319 0.536040 0.527176
3.998149 -0.768350 -0.755591
0.194796 0.459936 0.193566
0.287355 0.253927 0.283417
3.979918 -0.847656 -0.743524
3.526288 -0.325051 -0.375276
-4.848795 0.893429 0.990711
0.041928 0.200973 0.041916
0.570655 0.609009 0.540183
-4.847359 0.996743 0.990905
-2.672238 -0.495848 -0.452310
5.918764 -0.305816 -0.356409
-2.982178 -0.216254 -0.158740
1.512383 0.699082 0.998294
4.525690 -1.428482 -0.982622
1.938219 0.902198 0.933256
4.547170 -1.119896 -0.986382
4.809344 -0.834746 -0.995304
4.222350 -0.938823 -0.882314
2.290033 0.473871 0.752309
-2.245325 -0.785450 -0.781001
4.957144 -0.880855 -0.970197
3.879352 -0.799028 -0.672631
4.567522 -1.038907 -0.989525
2.316681 0.994778 0.734488
3.470481 -0.030233 -0.322991
6.179974 0.060108 -0.103028
3.103773 0.039382 0.037810
2.613779 0.498641 0.503646
-2.666092 -0.004805 -0.457784
3.635569 -0.348716 -0.474130
-2.116115 -0.875066 -0.854962
5.280107 -0.480905 -0.843130
0.627984 0.493335 0.587514
4.950549 -1.115446 -0.971774
1.481076 1.258353 0.995978
4.475325 -1.186326 -0.972032
4.930431 -1.142302 -0.976323
6.005119 -0.248905 -0.274497
-3.158593 0.154378 0.016999
4.900308 -1.000118 -0.982395
-3.121401 0.029899 -0.020190
0.751903 0.818271 0.683030
5.832871 -0.200429 -0.435249
-6.088859 0.639591 0.193106
4.979437 -0.884339 -0.964554
-2.259544 -0.841152 -0.772043
3.819424 -0.429955 -0.627106
2.273879 0.388916 0.762852
-0.388572 -0.228752 -0.378867
-2.096620 -1.153993 -0.864911
3.929575 -0.612132 -0.708932
-5.516182 0.639424 0.693981
-2.106704 -1.067353 -0.859806
-0.174882 -0.037460 -0.173992
1.150980 1.030099 0.913164
-5.688721 0.670298 0.560065
4.869209 -0.811015 -0.987729
-1.778168 -0.888645 -0.978575
-4.319256 0.972026 0.923713
-1.582661 -1.330521 -0.999930
-1.077439 -0.938657 -0.880748
-3.912551 0.306774 0.696823
-1.725767 -0.505671 -0.988016
-6.102230 0.229170 0.179969
-2.119449 -0.955474 -0.853228
-5.306299 0.436562 0.828759
0.079020 -0.105552 0.078938
-0.424639 -0.840329 -0.411992
-0.492200 -0.487535 -0.472565
-4.525764 1.281138 0.982636
1.030546 0.917070 0.857580
-2.312656 -0.992441 -0.737213
0.777247 1.169660 0.701320
-3.715118 0.362100 0.542597
-3.029661 0.129317 -0.111698
2.641827 0.768297 0.479220
3.094649 0.231988 0.046927
-1.200357 -0.924837 -0.932168
1.122853 0.780576 0.901340
4.589350 -0.974693 -0.992440
3.845020 -0.492880 -0.646835
1.633092 0.725983 0.998060
-1.713245 -1.135593 -0.989871
-1.674299 -1.545321 -0.994648
-6.029391 0.063376 0.251078
-0.908242 -0.433251 -0.788423
5.796040 -0.549904 -0.468105
0.255560 0.110687 0.252787
-2.860258 -0.246668 -0.277638
-3.216161 0.141643 0.074500
5.808739 -0.662803 -0.456846
-4.834080 0.734699 0.992605
-4.089126 0.640057 0.811978
-2.975738 -0.081738 -0.165096
-2.058783 -1.051182 -0.883279
-5.712452 0.406064 0.540249
-4.065335 0.829400 0.797863
2.729600 0.136614 0.400436
5.716155 -0.581440 -0.537130
6.048412 -0.176023 -0.232622
6.263387 0.085038 -0.019797
3.361649 -0.453747 -0.218285
0.394993 0.445820 0.384801
-2.527128 -0.702308 -0.576521
2.560418 0.153612 0.549006
0.100768 -0.015254 0.100598
-0.948734 -0.844632 -0.812679
6.140709 -0.283834 -0.141994
0.573006 0.599346 0.542160
-4.929306 0.718194 0.976566
-4.047133 0.671164 0.786759
1.822319 1.130207 0.968535
4.964290 -0.940203 -0.968440
4.648468 -1.011471 -0.997958
-0.412318 -0.439835 -0.400734
-5.403614 0.757095 0.770466
-4.199285 0.737521 0.871225
-5.127662 1.139114 0.915006
4.517986 -1.056781 -0.981163
1.302870 1.051909 0.964322
-3.894337 0.859745 0.683644
-5.322375 0.929016 0.819656
5.942963 -0.135844 -0.333697
-5.203225 0.960426 0.881939
-2.849879 -0.288785 -0.287594
6.178706 -0.313121 -0.104289
-5.802796 0.418214 0.462124
-5.235457 0.969217 0.866291
2.637910 0.620957 0.482654
-3.127486 -0.220464 -0.014107
-0.556960 -0.770224 -0.528608
3.397519 -0.403590 -0.253141
-2.055429 -0.761355 -0.884846
1.346746 0.851739 0.975006
-3.285689 -0.029590 0.143598
0.301797 0.130509 0.297236
3.730209 -0.670047 -0.555210
3.259174 -0.045170 -0.117311
-5.855773 0.606341 0.414517
-4.023317 0.854678 0.771836
-1.912691 -1.193628 -0.942121
-1.391299 -1.046397 -0.983934
-6.081092 0.117028 0.200721
4.789977 -1.134830 -0.996992
1.991646 0.887113 0.912742
-2.538918 -0.745468 -0.566848
-2.122410 -0.647637 -0.851680
-0.445204 -0.164442 -0.430642
1.097001 0.808785 0.889843
-0.909024 -0.880830 -0.788905
5.548180 -0.570498 -0.670591
2.965091 0.055279 0.175587
5.710260 -0.540887 -0.542092
0.054131 -0.046319 0.054104
2.546515 0.603007 0.560573
3.716912 -0.304701 -0.544103
-3.590258 0.595592 0.433763
-5.531700 0.819893 0.682725
-4.001371 0.518604 0.757698
5.325312 -0.722113 -0.817970
6.109951 -0.270739 -0.172369
-5.590995 0.570030 0.638225
-3.433879 0.150456 0.288142
-1.747375 -1.121276 -0.984450
4.820770 -1.107224 -0.994133
-1.504231 -1.375407 -0.997785
-2.789719 -0.340657 -0.344657
-6.023250 0.312368 0.257018
0.270888 0.424578 0.267587
3.836932 -0.602116 -0.640646
-4.991557 0.840081 0.961285
2.707911 0.314257 0.420214
4.167848 -0.864518 -0.855365
-5.050860 0.684734 0.943263
4.422898 -1.080878 -0.958389
1.493106 1.030336 0.996984
-3.588220 0.660893 0.431927
2.911536 0.152354 0.228033
2.592649 0.239087 0.521787
1.968391 1.089379 0.921995
0.680202 0.416030 0.628950
6.176205 -0.341699 -0.106776
2.934357 0.497268 0.205756
-0.407621 -0.299159 -0.396426
-4.407985 0.979373 0.954026
-2.375750 -0.565940 -0.693145
1.918529 1.032272 0.940148
-0.183180 -0.333708 -0.182158
-0.228885 -0.014323 -0.226891
0.644206 0.648068 0.600564
-5.355663 0.827747 0.800136
-3.708722 0.510548 0.537213
0.056338 -0.017020 0.056308
3.183403 -0.195078 -0.041798
-5.015131 1.019967 0.954523
-2.278054 -0.811939 -0.760147
-0.535172 -0.645195 -0.509989
3.880436 -0.690598 -0.673433
4.914754 -1.009188 -0.979594
4.042650 -0.560225 -0.783984
-5.402503 1.094506 0.771173
1.965403 0.943316 0.923148
-1.772909 -0.684196 -0.979645
4.597457 -1.354909 -0.993403
-2.932848 -0.330101 -0.207232
-5.449374 0.377162 0.740498
2.287315 0.608255 0.754097
4.287807 -0.986405 -0.911211
-0.169310 0.088580 -0.168503
-5.952729 0.099786 0.324474
0.699018 0.749894 0.643466
0.233379 0.380845 0.231266
-4.571953 1.260456 0.990155
-1.437774 -1.001241 -0.991166
5.067907 -0.705703 -0.937466
-3.475818 0.281495 0.328038
-3.111544 0.072502 -0.030044
-0.660450 -0.618976 -0.613472
2.607025 0.383072 0.509469
-2.065853 -1.005001 -0.879942
-1.887345 -0.722090 -0.950316
-1.014781 -1.051877 -0.849365
-5.031262 1.091584 0.949589
5.562123 -0.302660 -0.660183
6.173812 -0.496724 -0.109155
4.578345 -0.747286 -0.991030
0.044414 -0.082828 0.044399
-5.624309 0.345546 0.612228
6.141479 -0.452125 -0.141233
5.686960 -0.570440 -0.561523
-4.227860 0.378771 0.884895
1.874631 1.075833 0.954196
0.734389 0.267313 0.670134
1.628891 1.142053 0.998313
1.430409 1.174605 0.990162
-2.940302 -0.177979 -0.199934
-5.645923 0.278608 0.594998
-0.909389 -0.870690 -0.789129
4.073559 -0.857388 -0.802794
5.960116 0.101729 -0.317478
4.261629 -0.709953 -0.900116
6.015013 -0.262409 -0.264970
-3.859772 0.749463 0.658015
2.882154 0.056195 0.256538
-0.711238 -0.670528 -0.652772
-3.564038 0.453161 0.409992
-4.818949 0.874396 0.994328
-2.209849 -0.715815 -0.802661
3.915502 -0.746923 -0.698937
6.022795 -0.483770 -0.257457
2.876693 0.583868 0.261813
-0.458005 -0.300051 -0.442160
0.608350 0.415625 0.571514
-5.959023 0.228648 0.318515
5.001316 -0.640307 -0.958550
1.062343 0.562305 0.873499
-3.700645 0.533648 0.530383
-2.558720 -0.462264 -0.550425
5.153061 -0.858945 -0.904465
0.068180 -0.043310 0.068128
4.215335 -0.921158 -0.878991
4.408579 -0.979518 -0.954204
-2.598496 -0.581886 -0.516790
-1.671740 -0.920353 -0.994909
-4.298768 0.678901 0.915671
-5.966818 0.656548 0.311116
0.259115 0.273182 0.256225
2.021648 0.825972 0.900076
-2.703166 -0.659704 -0.424515
-1.414014 -0.875808 -0.987735
3.588805 -0.707524 -0.432454
5.516225 -0.501018 -0.693950
3.669104 -0.263605 -0.503384
-3.618274 0.371810 0.458833
3.552232 -0.534970 -0.399196
-6.246308 0.142026 0.036869
2.235089 0.651124 0.787353
-3.825684 0.615489 0.631969
1.863551 0.780354 0.957452
-4.330590 0.647311 0.927996
4.754287 -0.845623 -0.999122
-4.408754 0.987681 0.954256
-0.533906 -0.345127 -0.508900
-5.093240 1.220591 0.928348
5.615019 -0.865591 -0.619548
4.732260 -0.683761 -0.999803
0.794748 0.161217 0.713687
-6.141068 0.274023 0.141640
-1.758593 -1.046431 -0.982418
-0.163768 -0.164020 -0.163037
-0.578637 -0.396123 -0.546884
3.000579 0.163635 0.140547
4.487393 -0.981821 -0.974795
-2.700725 -0.689099 -0.426724
3.081859 0.087534 0.059698
0.019243 0.306950 0.019242
0.016713 -0.024861 0.016713
-6.214858 -0.065743 0.068275
-1.082833 -0.794431 -0.883289
0.156764 -0.403186 0.156123
-4.127587 0.812896 0.833821
-4.758148 0.674899 0.998953
-3.811111 0.532450 0.620608
1.343782 1.117459 0.974343
3.603938 -0.611696 -0.446048
0.007462 0.003050 0.007462
2.415012 0.411935 0.664318
-2.607326 -0.255040 -0.509210
4.200794 -0.862484 -0.871965
1.572007 1.061018 0.999999
4.097375 -0.586774 -0.816765
-1.740919 -0.950464 -0.985564
-5.077138 1.334563 0.934213
3.934759 -0.687557 -0.712578
0.283028 -0.139049 0.279264
-0.307505 -0.305126 -0.302681
-2.992595 0.063504 -0.148447
5.215936 -0.815827 -0.875877
-4.537143 0.989079 0.984684
-5.680138 0.342050 0.567155
-3.177348 -0.099759 0.035748
-5.658699 0.520707 0.584681
2.678575 0.122642 0.446650
-4.960057 0.786995 0.969487
4.178528 -0.517176 -0.860849
5.225558 -0.806226 -0.871193
-2.365624 -0.786178 -0.700408
-2.228195 -0.854252 -0.791585
4.361725 -1.404389 -0.939145
-0.971436 -0.772210 -0.825697
6.235708 -0.316184 -0.047459
-0.705129 -0.471643 -0.648132
3.115281 -0.218762 0.026309
5.359908 -0.709485 -0.797583
1.259883 1.005672 0.952054
4.696743 -0.880521 -0.999878
1.502788 1.189404 0.997688
-2.869796 -0.392162 -0.268463
1.508303 0.906953 0.998048
-1.147602 -0.720255 -0.911782
3.176565 -0.133533 -0.034965
-2.311716 -0.909327 -0.737848
0.381697 0.190729 0.372496
2.973584 0.105739 0.167220
-6.114755 0.401237 0.167635
-1.850800 -1.016583 -0.961054
-5.935337 0.204216 0.340876
2.051817 0.758867 0.886523
-1.224664 -1.020412 -0.940692
-4.193823 0.814978 0.868531
0.130389 -0.059888 0.130020
4.559756 -1.027843 -0.988374
3.945522 -0.397888 -0.720088
-2.281902 -0.526889 -0.757641
5.475446 -0.817569 -0.722727
-5.214334 0.542658 0.876648
-0.787156 -0.799751 -0.708348
0.640784 0.658502 0.597824
-4.927851 0.897224 0.976878
0.466878 0.548779 0.450100
-4.642494 1.146078 0.997558
-3.909315 0.597681 0.694498
-5.509568 0.660880 0.698728
-4.883003 0.906731 0.985481
-1.695278 -1.071211 -0.992262
-6.068324 0.049097 0.213212
-1.883175 -1.112960 -0.951605
-4.478149 1.022181 0.972691
2.449174 0.736458 0.638401
-1.623975 -1.119021 -0.998586
-6.117043 0.493285 0.165379
-2.129965 -0.688719 -0.847696
2.207333 0.837698 0.804160
4.843657 -1.023958 -0.991397
2.692727 0.487785 0.433944
-1.353794 -0.975519 -0.976547
-1.850319 -0.785589 -0.961187
-5.142499 0.718388 0.908920
-2.615776 -0.525686 -0.501920
-5.166833 1.081844 0.898505
1.678074 1.125447 0.994251
-6.108247 0.105269 0.174048
-3.058208 -0.040007 -0.083288
-5.029259 0.916575 0.950215
1.689406 1.230076 0.992974
-5.289916 0.935665 0.837816
4.703237 -0.975732 -0.999958
3.833444 -0.744810 -0.637964
1.644318 1.080259 0.997298
-5.527365 0.799668 0.685886
4.585361 -1.250620 -0.991943
-1.270195 -0.919935 -0.955159
-4.765419 1.114648 0.998594
3.617509 -0.428239 -0.458153
-3.667155 0.236915 0.501700
-3.563918 0.150684 0.409883
0.774193 1.007986 0.699140
5.606128 -0.602123 -0.626502
1.941892 0.988155 0.931931
2.513223 0.544063 0.587827
-4.883892 1.119356 0.985329
5.750872 -0.511851 -0.507528
-4.349552 0.957985 0.934894
-5.358108 0.762812 0.798668
-4.987382 1.112333 0.962427
-0.412727 -0.462006 -0.401109
-3.850585 0.323632 0.651069
4.550377 -0.889863 -0.986905
2.101283 0.703164 0.862561
-2.342544 -1.086260 -0.716693
6.025395 -0.020059 -0.254945
-3.180108 -0.188355 0.038506
3.624923 -0.338865 -0.464730
0.677952 0.225794 0.627199
-2.543371 -1.027453 -0.563174
-5.189844 0.899454 0.888167
5.756232 -0.764446 -0.502902
6.244596 0.076931 -0.038580
1.709441 0.773592 0.990404
2.584889 0.620847 0.528390
-5.937385 0.365111 0.338950
-5.107941 1.100799 0.922784
-4.393943 0.863558 0.949723
6.000341 -0.086783 -0.279088
0.865863 0.790085 0.761655
2.127602 0.665382 0.848948
-3.573960 0.282653 0.419021
1.664872 0.924528 0.995578
3.763588 -0.743697 -0.582658
-0.143121 -0.301055 -0.142633
6.205800 -0.097485 -0.077308
5.121571 -0.906378 -0.917447
-0.631045 -0.743353 -0.589989
-2.717415 -0.423731 -0.411571
0.862158 0.782096 0.759249
-1.508287 -0.952753 -0.998047
3.522798 -0.327175 -0.372040
0.067735 -0.313251 0.067684
2.551978 0.549865 0.556041
0.862026 0.470913 0.759163
-3.760643 0.685980 0.580262
-2.086081 -0.797307 -0.870152
0.087443 -0.025300 0.087332
-6.113961 0.188245 0.168418
-0.304230 -0.083338 -0.299559
2.344322 0.525875 0.715452
-3.947770 0.872235 0.721646
-5.847595 0.350551 0.421946
-3.646957 0.095901 0.484126
2.164428 1.250804 0.828915
-5.384355 0.429451 0.782599
-4.893842 1.175801 0.983583
-5.921866 0.108326 0.353509
5.368993 -0.598714 -0.792070
-5.530274 0.705971 0.683766
-1.110928 -0.693731 -0.896111
2.238439 0.881704 0.785283
-5.704375 0.477524 0.547028
-6.129925 0.152485 0.152661
1.265468 1.030119 0.953748
4.738723 -1.010622 -0.999653
5.113057 -0.985482 -0.920801
6.177492 0.458658 -0.105497
5.473946 -0.980697 -0.723763
-0.175951 -0.341320 -0.175044
4.038992 -0.731771 -0.781708
-0.332038 -0.088775 -0.325971
4.571120 -0.667410 -0.990038
-3.482689 0.402796 0.334521
2.740240 0.248960 0.390664
-4.367840 1.068685 0.941228
2.046613 1.229394 0.888919
-1.879400 -1.092141 -0.952759
2.327227 0.827197 0.727291
5.965737 -0.598917 -0.312143
-5.882536 0.451236 0.390016
5.840730 -0.619089 -0.428160
5.643570 -0.860863 -0.596887
4.673042 -1.168676 -0.999226
5.391828 -0.462169 -0.777925
4.846489 -1.153773 -0.991022
3.356856 -0.245869 -0.213604
-3.658130 0.430605 0.493872
2.014118 0.750348 0.903332
-2.975934 -0.216631 -0.164902
-2.195560 -0.841649 -0.811101
1.204504 1.292937 0.933662
-4.909988 1.084707 0.980541
-1.349493 -0.959596 -0.975612
0.995236 0.979620 0.838887
-3.697555 0.362089 0.527761
0.463261 0.182246 0.446867
3.377311 -0.400144 -0.233542
-5.624704 0.744955 0.611917
0.364288 0.300148 0.356285
0.137543 0.026803 0.137109
2.660150 0.658320 0.463059
4.807163 -0.897453 -0.995512
1.376972 1.056823 0.981275
5.287582 -0.610044 -0.839087
3.551872 -0.507980 -0.398865
-2.236007 -0.707295 -0.786787
3.687829 -0.420886 -0.519475
0.687878 0.798060 0.634899
-3.484760 0.150858 0.336471
5.505285 -0.622696 -0.701785
-0.363411 -0.601239 -0.355465
1.377195 0.975087 0.981318
5.586134 -0.485999 -0.641959
2.854106 0.208691 0.283543
-3.694901 0.426416 0.525505
3.487348 -0.444178 -0.338908
-1.925075 -1.245853 -0.937897
3.765087 -0.993348 -0.583876
4.181527 -0.842787 -0.862371
1.606655 1.252340 0.999357
-3.013604 -0.317492 -0.127640
-6.044140 0.005597 0.236775
5.998978 0.051112 -0.280396
-4.636694 0.791402 0.997137
-5.004796 1.082243 0.957553
5.931937 -0.754799 -0.344070
-0.476803 -0.186835 -0.458941
3.208666 -0.204819 -0.067023
4.210134 -0.967809 -0.876499
1.472165 0.876657 0.995140
5.534293 -0.525138 -0.680828
4.669848 -0.751705 -0.999095
-2.720828 -0.431576 -0.408458
6.020539 0.044342 -0.259637
-4.124348 0.705743 0.832029
2.486115 0.318494 0.609538
-2.821802 -0.173679 -0.314368
2.319611 0.742375 0.732496
-1.454006 -0.998299 -0.993188
3.741153 -1.006855 -0.564280
-5.626526 0.667865 0.610474
1.593378 0.880916 0.999745
-2.588370 -0.216586 -0.525432
3.435325 -0.574321 -0.289527
-5.475575 0.624946 0.722638
2.346275 0.927342 0.714086
3.761768 -0.714820 -0.581178
-5.908305 0.307816 0.366162
-0.856496 -0.680339 -0.755552
3.319925 -0.329649 -0.177389
1.901172 0.919094 0.945921
2.896822 0.129503 0.242334
-0.252358 -0.266143 -0.249688
-2.386512 -0.777908 -0.685347
3.902960 -0.855150 -0.689912
1.435043 0.998506 0.990800
4.573587 -1.187677 -0.990383
-1.981498 -0.941714 -0.916841
-3.531211 0.371101 0.379835
2.005965 0.919028 0.906799
-0.656745 -0.646106 -0.610542
3.282006 -0.485413 -0.139952
0.413463 -0.114000 0.401783
4.340833 -0.769509 -0.931763
-2.886642 -0.052407 -0.252198
-4.583641 0.681447 0.991723
-4.562924 0.785688 0.988851
-5.312554 0.839329 0.825242
-0.150715 0.090810 -0.150145
-4.597718 1.240112 0.993432
5.689408 -0.786835 -0.559496
2.464600 0.966997 0.626452
-3.188248 0.000300 0.046639
-4.066549 1.063656 0.798594
-0.105959 -0.426756 -0.105761
-1.138496 -0.879668 -0.908004
0.299871 0.512671 0.295397
-3.458041 -0.041604 0.311193
5.718896 -0.475325 -0.534816
1.988128 0.773766 0.914174
-0.208450 0.024010 -0.206944
4.963938 -0.828317 -0.968528
-0.056190 -0.075603 -0.056161
1.624695 1.007332 0.998548
1.593575 1.035033 0.999741
-2.582822 -0.439696 -0.530145
4.622476 -1.038072 -0.995961
0.961830 0.953539 0.820240
0.306409 0.196254 0.301636
6.005327 0.232717 -0.274297
5.020255 -0.748700 -0.952982
-5.616899 0.464877 0.618070
1.376726 1.198230 0.981227
0.630819 0.720032 0.589807
2.574481 0.696638 0.537198
3.888995 -0.704965 -0.679736
5.513168 -0.682591 -0.696148
2.692990 0.378739 0.433707
-0.123217 0.300541 -0.122905
-3.982589 0.724121 0.745307
3.641568 -0.544817 -0.479404
0.931566 1.184877 0.802555
-3.716659 0.218144 0.543891
-3.653874 0.405494 0.490167
4.734986 -1.250693 -0.999745
0.096131 0.357046 0.095983
1.103687 0.921260 0.892874
-4.421812 1.194870 0.958079
-5.282192 0.507706 0.842007
3.476805 -0.109894 -0.328970
0.466644 0.427205 0.449892
-1.214655 -0.712178 -0.937249
-4.851488 0.968904 0.990341
2.142816 0.738619 0.840809
3.885617 -0.670422 -0.677255
1.861380 0.853371 0.958077
-5.209786 0.912972 0.878828
1.533714 0.994694 0.999313
-6.207452 0.271426 0.075661
4.017310 -0.480130 -0.768003
-2.189953 -0.658557 -0.814368
5.985734 -0.326265 -0.293084
-1.567352 -0.739980 -0.999994
-1.163305 -0.472032 -0.918118
-4.300719 0.915652 0.916454
-4.719565 1.024373 0.999974
-6.049311 0.647464 0.231748
-3.550443 0.290998 0.397555
3.796855 -0.746303 -0.609368
2.019084 0.542286 0.901191
3.877697 -0.641591 -0.671406
0.639431 0.587161 0.596739
2.077336 0.957559 0.874429
6.016080 -0.070735 -0.263940
0.743144 0.549484 0.676607
-4.241733 0.979233 0.891271
-3.062903 -0.136940 -0.078609
2.271216 0.960568 0.764572
-1.525614 -0.922714 -0.998979
4.598912 -0.926325 -0.993568
2.437009 0.673589 0.647717
6.102305 -0.129741 -0.179896
-2.060074 -0.967036 -0.882673
4.135952 -0.678192 -0.838410
-5.243786 1.229851 0.862100
-0.574161 -0.465810 -0.543131
-0.762427 -0.751378 -0.690679
-4.685253 0.760331 0.999632
2.012968 0.996886 0.903824
-0.710092 -0.724652 -0.651904
-2.852589 0.006839 -0.284997
-2.062380 -0.941370 -0.881586
1.524761 0.748058 0.998941
4.837033 -1.078777 -0.992242
-5.478962 0.603516 0.720292
-5.563853 0.818048 0.658883
1.704997 0.958780 0.991009
-3.288133 0.157786 0.146017
-1.723694 -1.124086 -0.988334
-4.345983 0.915158 0.933621
0.868443 0.624738 0.763324
1.977282 0.664786 0.918516
1.458181 0.975741 0.993666
6.177651 0.054903 -0.105338
-5.057182 0.567806 0.941145
4.915960 -0.960827 -0.979351
2.812655 0.018492 0.323037
-0.387763 -0.319383 -0.378119
5.794638 -0.441119 -0.469343
5.749199 -0.465616 -0.508969
-2.697406 -0.478720 -0.429724
1.506087 0.577242 0.997907
-4.711958 0.690925 1.000000
-0.671564 -0.857522 -0.622211
1.339056 0.886517 0.973268
-0.640448 -0.341402 -0.597555
-3.724925 0.584319 0.550808
2.703162 0.554790 0.424519
4.390962 -1.089906 -0.948786
-4.271198 0.786735 0.904244
-3.959420 0.485283 0.729662
2.313964 0.622651 0.736329
-3.992097 0.580879 0.751613
4.322181 -1.104019 -0.924830
-4.967076 1.022379 0.967742
0.206512 -0.002150 0.205047
-3.036227 -0.198018 -0.105171
