-2.246319 -1.093588 -1.123159
-6.008363 -3.376002 -3.004182
2.793129 1.588560 1.396565
1.206216 0.146023 0.603108
-0.504418 -0.160475 -0.252209
-2.850515 -1.239274 -1.425257
5.464133 3.083640 2.732067
1.001161 0.448741 0.500580
3.074812 1.820145 1.537406
-1.379558 -0.686872 -0.689779
1.633495 0.980721 0.816747
-5.704130 -2.918479 -2.852065
4.811140 2.324661 2.405570
6.002087 3.195105 3.001043
-4.575020 -2.264093 -2.287510
-2.458954 -1.151205 -1.229477
-5.835618 -2.986848 -2.917809
-5.120784 -2.476935 -2.560392
-5.571890 -2.724331 -2.785945
1.468907 1.054203 0.734453
-5.902550 -2.605277 -2.951275
-0.971805 -0.443304 -0.485903
2.869907 1.624765 1.434953
0.213646 0.453513 0.106823
3.167404 1.405472 1.583702
1.540547 0.942152 0.770273
-4.057457 -2.108314 -2.028728
-2.790642 -1.119118 -1.395321
0.806671 0.326926 0.403335
-4.894230 -2.549587 -2.447115
3.914366 2.099159 1.957183
4.735730 2.267690 2.367865
1.756372 0.632923 0.878186
1.975626 1.118938 0.987813
5.388120 2.586134 2.694060
5.116137 2.952617 2.558069
-2.079409 -0.953574 -1.039705
-1.656436 -0.867570 -0.828218
4.088554 1.807718 2.044277
-3.358652 -1.905060 -1.679326
0.838360 0.411297 0.419180
6.031124 3.111979 3.015562
2.411316 1.207589 1.205658
-2.129383 -1.009378 -1.064692
4.375124 2.234793 2.187562
-2.571791 -1.566236 -1.285896
-1.289022 -0.776677 -0.644511
-2.388356 -1.003915 -1.194178
-4.990275 -2.727442 -2.495137
-0.106951 0.071430 -0.053476
5.194700 2.929481 2.597350
-6.092292 -3.086811 -3.046146
0.231520 0.125832 0.115760
2.281253 1.190771 1.140626
5.737767 2.792443 2.868883
5.064260 2.573023 2.532130
-4.658981 -3.017002 -2.329491
3.452567 1.737057 1.726284
-2.017863 -1.022183 -1.008932
3.506871 1.629927 1.753435
4.819085 2.305155 2.409542
-5.351371 -3.009801 -2.675685
5.695734 2.880118 2.847867
-5.240608 -2.654896 -2.620304
-2.483103 -1.105801 -1.241551
0.227941 0.295106 0.113970
-1.857431 -0.712012 -0.928716
-3.210717 -1.441342 -1.605359
3.069647 1.590152 1.534824
-5.408024 -3.111973 -2.704012
-5.070832 -2.431932 -2.535416
2.875550 1.346635 1.437775
5.676437 2.888104 2.838218
-2.725173 -1.611222 -1.362587
1.250273 0.579753 0.625136
0.394349 0.065963 0.197174
5.275742 2.460772 2.637871
-5.624136 -2.750141 -2.812068
-4.738699 -2.244793 -2.369350
-2.889040 -1.716284 -1.444520
0.718001 0.534962 0.359000
-5.438303 -2.487890 -2.719152
-3.363452 -1.626582 -1.681726
-0.484247 -0.278279 -0.242123
-3.030529 -1.480494 -1.515264
-2.501856 -1.414892 -1.250928
3.383401 1.542255 1.691701
5.894878 2.585855 2.947439
-1.285928 -0.571777 -0.642964
1.656941 0.888273 0.828471
2.608356 1.709419 1.304178
0.061892 -0.098949 0.030946
0.132950 0.003346 0.066475
4.144135 1.703456 2.072067
5.980790 3.110459 2.990395
-6.078711 -2.683452 -3.039355
5.059373 2.391568 2.529687
-1.225613 -0.515271 -0.612806
-5.679336 -2.761601 -2.839668
-3.857600 -1.993616 -1.928800
-4.016161 -2.106973 -2.008080
-2.885288 -1.604581 -1.442644
0.998577 0.343166 0.499288
5.590139 2.670420 2.795070
0.509062 0.306251 0.254531
-2.040339 -0.819843 -1.020170
-5.472191 -2.696115 -2.736096
-1.981609 -0.927413 -0.990805
2.922624 1.591255 1.461312
-1.896674 -0.712767 -0.948337
-1.493996 -0.694961 -0.746998
5.436464 2.822705 2.718232
4.466548 2.293265 2.233274
5.281745 2.732405 2.640873
2.589774 0.926970 1.294887
-4.378437 -1.883321 -2.189218
-3.918759 -1.956156 -1.959380
3.170985 1.428211 1.585493
-3.952512 -1.922715 -1.976256
4.022440 1.925231 2.011220
-4.810745 -2.246384 -2.405373
3.877357 1.941793 1.938678
-4.898693 -2.353437 -2.449347
0.116284 -0.089711 0.058142
-1.061754 -0.673801 -0.530877
1.197356 0.634797 0.598678
0.410824 -0.179354 0.205412
-4.950184 -2.569163 -2.475092
-1.005667 -0.449193 -0.502834
-1.744515 -1.043569 -0.872257
-1.929130 -0.892578 -0.964565
4.984052 2.767922 2.492026
-4.243572 -2.085861 -2.121786
5.173787 2.645233 2.586893
2.103992 1.109031 1.051996
-6.033342 -3.116252 -3.016671
1.856480 0.919962 0.928240
-1.478814 -0.636121 -0.739407
-3.623733 -1.480611 -1.811866
2.229773 1.122781 1.114887
-3.945267 -1.921082 -1.972633
-0.050100 0.111935 -0.025050
6.100463 2.865264 3.050231
1.528914 0.655918 0.764457
4.696438 2.770277 2.348219
0.710665 0.277395 0.355332
-2.154325 -0.891454 -1.077163
1.386108 0.851174 0.693054
-2.896687 -1.463121 -1.448343
-0.192746 -0.528554 -0.096373
4.020653 2.003543 2.010327
0.789859 0.338903 0.394929
3.641518 1.909315 1.820759
-3.514586 -1.498985 -1.757293
0.738807 0.622912 0.369404
0.228362 0.013201 0.114181
-2.137568 -1.163025 -1.068784
2.718166 1.491455 1.359083
-6.191976 -2.942645 -3.095988
0.563243 0.397543 0.281621
3.125013 1.532525 1.562507
5.923526 3.096922 2.961763
-6.253474 -3.030691 -3.126737
4.988116 2.227213 2.494058
2.786541 1.127337 1.393270
-3.568000 -1.707516 -1.784000
2.546356 1.677110 1.273178
2.372348 1.331058 1.186174
-2.231733 -1.249299 -1.115867
0.498291 0.250324 0.249145
-0.549657 0.121512 -0.274828
1.197992 0.668950 0.598996
-2.200542 -0.974839 -1.100271
-2.676742 -1.293046 -1.338371
2.169566 1.006138 1.084783
-5.620378 -2.821805 -2.810189
5.714544 2.814735 2.857272
-2.294829 -0.918988 -1.147414
-5.221040 -2.617994 -2.610520
3.204825 1.382688 1.602413
4.310741 1.803403 2.155370
1.113985 0.957747 0.556993
6.163963 2.893865 3.081981
-4.403570 -1.835537 -2.201785
3.229130 1.536696 1.614565
-1.607587 -0.830939 -0.803793
-2.014924 -1.078583 -1.007462
0.030676 0.327299 0.015338
-1.412039 -0.742967 -0.706019
1.836140 0.699709 0.918070
3.874878 2.186561 1.937439
-3.250930 -1.161819 -1.625465
5.064631 2.514362 2.532315
0.253139 0.114117 0.126569
-1.349825 -0.608042 -0.674913
3.891061 1.923519 1.945531
-3.456261 -1.525020 -1.728130
-2.416049 -1.157806 -1.208024
-2.588424 -1.022835 -1.294212
-1.249463 -0.594609 -0.624732
-1.039242 -0.330125 -0.519621
0.213895 0.585111 0.106948
2.690033 1.238560 1.345016
2.101727 1.209830 1.050864
-5.061522 -2.579979 -2.530761
0.204766 -0.225063 0.102383
-4.165919 -2.178555 -2.082959
-4.421892 -1.991389 -2.210946
-0.492874 -0.199522 -0.246437
-0.541064 -0.801992 -0.270532
2.799146 1.095683 1.399573
-2.965448 -1.523615 -1.482724
4.781839 2.652889 2.390920
-2.962940 -1.629857 -1.481470
-5.069610 -2.536796 -2.534805
2.081743 0.664403 1.040871
4.283305 2.012202 2.141652
5.025022 2.526496 2.512511
-3.237405 -1.887386 -1.618702
-4.432884 -2.160893 -2.216442
-4.188280 -1.903769 -2.094140
4.616796 2.411146 2.308398
4.636215 2.569092 2.318108
3.693980 1.869588 1.846990
-1.575534 -0.508970 -0.787767
4.381049 2.334902 2.190524
-1.863452 -0.868695 -0.931726
5.915540 3.431938 2.957770
3.678778 1.771673 1.839389
-5.811502 -2.564544 -2.905751
4.416437 2.489231 2.208219
5.549016 2.869949 2.774508
-5.943116 -2.657687 -2.971558
-5.109852 -2.747873 -2.554926
-4.646778 -2.180793 -2.323389
0.391905 0.228050 0.195953
5.052819 2.252156 2.526410
2.210051 1.223782 1.105026
-0.273035 -0.030498 -0.136518
3.232014 1.556038 1.616007
-3.273365 -1.743908 -1.636682
-1.407965 -0.984658 -0.703983
-0.380842 -0.165553 -0.190421
5.746393 3.125095 2.873196
1.663567 0.731762 0.831784
-3.921825 -1.855461 -1.960912
0.322755 -0.089108 0.161377
0.598160 0.330520 0.299080
5.501515 2.674889 2.750757
-1.518306 -0.909151 -0.759153
3.324366 1.691301 1.662183
0.954498 0.352568 0.477249
3.841111 1.954504 1.920555
-4.707448 -2.295038 -2.353724
-2.765914 -1.614866 -1.382957
5.539562 3.227375 2.769781
3.243579 1.675083 1.621790
1.704969 0.532069 0.852484
3.525574 2.037099 1.762787
-5.176984 -2.464513 -2.588492
-3.942140 -2.051556 -1.971070
1.674867 0.645891 0.837434
4.094576 2.076745 2.047288
2.465132 1.287215 1.232566
-4.251315 -1.773794 -2.125657
-1.619758 -0.693299 -0.809879
-3.988538 -1.778815 -1.994269
3.617126 1.835019 1.808563
-2.243363 -0.990600 -1.121682
-3.174050 -1.646783 -1.587025
2.069116 1.191106 1.034558
4.715549 2.081073 2.357774
-0.729665 -0.319722 -0.364833
1.178365 0.759155 0.589183
-2.682797 -1.329362 -1.341398
-3.969763 -1.976304 -1.984882
1.864681 0.771496 0.932341
-5.004102 -2.410005 -2.502051
4.032917 2.331230 2.016459
1.565025 0.592018 0.782512
-1.584757 -0.887164 -0.792379
-4.002578 -1.934026 -2.001289
6.274888 3.067974 3.137444
-4.967190 -2.683364 -2.483595
0.077632 -0.132742 0.038816
-5.618821 -2.893130 -2.809410
-6.171946 -3.061941 -3.085973
-4.294250 -2.159786 -2.147125
-4.811997 -2.443831 -2.405999
0.428797 0.373865 0.214398
1.359880 0.886606 0.679940
6.180863 2.707915 3.090431
-0.262957 0.305360 -0.131478
6.139991 3.162063 3.069995
-3.793756 -2.131915 -1.896878
2.576482 1.476898 1.288241
-4.620295 -2.416472 -2.310148
-1.131963 -0.780630 -0.565981
-2.124601 -1.225992 -1.062301
-3.999653 -1.992929 -1.999826
4.279479 2.214840 2.139739
5.091845 2.522653 2.545922
-2.706132 -1.464396 -1.353066
-1.215738 -0.617491 -0.607869
4.317846 2.173111 2.158923
1.847473 1.075923 0.923737
1.258532 0.394585 0.629266
0.605577 0.329068 0.302789
3.615791 1.727694 1.807895
-4.918018 -2.890387 -2.459009
4.996573 2.566523 2.498286
-5.904399 -3.116728 -2.952200
4.572772 1.985932 2.286386
4.659049 2.361617 2.329524
5.971708 3.140927 2.985854
0.756955 0.221621 0.378478
-2.381532 -1.436716 -1.190766
-4.289231 -2.206783 -2.144616
-6.173895 -3.218789 -3.086948
-3.692548 -1.747519 -1.846274
-6.187054 -2.958090 -3.093527
-4.163492 -2.049075 -2.081746
5.311237 2.657235 2.655619
0.777316 0.580054 0.388658
-1.795837 -0.949159 -0.897919
-0.025297 0.479986 -0.012649
-1.424345 -0.671324 -0.712173
-0.662914 -0.656317 -0.331457
3.883250 1.862923 1.941625
6.049082 2.924742 3.024541
5.283837 2.317503 2.641919
2.176782 1.103066 1.088391
-6.235082 -3.398170 -3.117541
-4.915656 -2.756779 -2.457828
-2.261137 -1.141109 -1.130568
-4.046547 -1.990772 -2.023274
2.438287 1.185653 1.219144
2.177853 0.760175 1.088927
4.303346 2.181052 2.151673
4.804346 2.257167 2.402173
0.389172 0.134268 0.194586
-3.319646 -1.421137 -1.659823
-4.655120 -2.174827 -2.327560
-4.649136 -1.903558 -2.324568
2.369005 1.010041 1.184502
-3.920645 -1.515407 -1.960322
-4.688675 -2.314739 -2.344337
-1.854905 -1.015003 -0.927452
1.139975 0.622815 0.569987
0.212444 0.045542 0.106222
3.794852 1.986630 1.897426
2.086060 1.149472 1.043030
-4.455137 -2.221872 -2.227568
3.893845 1.636738 1.946923
-1.948649 -0.750520 -0.974324
-1.222640 -1.001487 -0.611320
4.574755 2.154447 2.287378
-1.649487 -0.938959 -0.824743
-4.583023 -2.181337 -2.291512
-6.007389 -3.156350 -3.003695
-5.108933 -2.597488 -2.554466
-1.632250 -0.865052 -0.816125
-2.640801 -1.289159 -1.320401
-5.260893 -2.848626 -2.630447
-5.557245 -2.808460 -2.778623
-5.845347 -3.004308 -2.922673
0.489576 0.568195 0.244788
2.168876 1.051790 1.084438
3.686401 2.010407 1.843200
5.179915 2.840827 2.589958
3.138809 1.746060 1.569404
-4.940607 -2.341761 -2.470304
3.696680 1.954153 1.848340
3.406138 2.167703 1.703069
-0.166174 0.023212 -0.083087
5.519615 2.405088 2.759808
3.721779 2.017325 1.860889
5.475278 2.444611 2.737639
4.301491 2.265688 2.150745
-4.871512 -2.594412 -2.435756
-4.341243 -2.228950 -2.170622
5.040938 2.233643 2.520469
-0.013716 0.203372 -0.006858
-4.358631 -2.141758 -2.179316
2.487475 1.290024 1.243738
-5.302920 -2.416012 -2.651460
-0.748561 -0.477150 -0.374281
0.621844 -0.010075 0.310922
-0.753115 -0.302410 -0.376558
3.994921 2.261888 1.997460
3.602491 1.444679 1.801245
5.828070 3.010136 2.914035
1.263305 0.347120 0.631653
-5.409507 -2.693016 -2.704754
-5.006823 -2.525004 -2.503411
0.402762 -0.130286 0.201381
3.229947 1.968551 1.614974
1.012402 0.533615 0.506201
2.891456 1.627396 1.445728
-5.763845 -3.218890 -2.881923
-4.139359 -2.035187 -2.069679
-5.245342 -2.815779 -2.622671
-1.871577 -0.908821 -0.935788
-2.129790 -0.780473 -1.064895
-2.228591 -1.129855 -1.114295
6.234790 3.229554 3.117395
-5.544632 -2.458199 -2.772316
-2.052689 -1.012562 -1.026344
1.028758 0.735634 0.514379
-0.983762 -0.358112 -0.491881
-5.050222 -2.369590 -2.525111
5.625335 2.929926 2.812668
3.577142 2.370894 1.788571
5.464224 2.780980 2.732112
0.857023 0.822094 0.428512
0.283355 -0.049288 0.141677
3.169360 1.601602 1.584680
3.180888 1.598559 1.590444
-5.326969 -2.509108 -2.663485
5.822174 3.047124 2.911087
-1.441900 -0.306332 -0.720950
0.826350 0.437492 0.413175
2.103528 0.985226 1.051764
3.508330 1.967014 1.754165
-0.245261 -0.375929 -0.122630
1.791754 1.127381 0.895877
5.464414 2.696986 2.732207
2.861738 1.381987 1.430869
-1.601590 -0.735263 -0.800795
5.130395 2.645059 2.565197
4.158360 2.367755 2.079180
2.043723 0.919796 1.021861
0.204589 0.178810 0.102295
-0.365594 -0.442854 -0.182797
6.147440 2.932435 3.073720
-5.267930 -2.788436 -2.633965
2.175004 1.297463 1.087502
4.130992 2.189318 2.065496
-2.122928 -0.952638 -1.061464
4.048823 2.007835 2.024411
6.224830 3.168821 3.112415
-5.124529 -2.763793 -2.562265
0.477985 0.119316 0.238992
-0.545749 -0.533131 -0.272874
2.096938 0.905707 1.048469
-4.736570 -2.447945 -2.368285
0.528008 0.580621 0.264004
-2.100540 -0.868212 -1.050270
-2.140678 -0.848656 -1.070339
4.019803 2.116347 2.009902
4.826410 2.695133 2.413205
-2.999839 -1.435675 -1.499919
-4.868381 -2.861405 -2.434191
3.849801 2.022053 1.924901
1.088935 0.635118 0.544468
-0.756072 -0.433967 -0.378036
1.723606 0.524675 0.861803
1.422700 0.885149 0.711350
-1.552570 -0.933015 -0.776285
-0.068686 0.157634 -0.034343
-0.482603 -0.159976 -0.241301
-0.527238 -0.495776 -0.263619
5.323296 2.425840 2.661648
5.306708 2.564346 2.653354
4.172222 1.823380 2.086111
2.306532 1.116693 1.153266
2.713394 1.329329 1.356697
6.094231 2.831523 3.047115
3.746920 1.520445 1.873460
3.621773 2.123801 1.810887
-0.091107 -0.542859 -0.045553
0.311456 0.058224 0.155728
-0.172305 0.060151 -0.086153
-3.338342 -1.394766 -1.669171
5.164427 2.627210 2.582214
1.970300 0.741457 0.985150
-6.134826 -3.215921 -3.067413
-1.206403 -0.613766 -0.603202
-0.027420 0.128964 -0.013710
5.160957 2.645873 2.580479
4.076621 1.633542 2.038311
5.688958 2.682945 2.844479
2.449146 0.992075 1.224573
2.123850 1.453748 1.061925
-5.517560 -2.803094 -2.758780
-2.668611 -1.368676 -1.334305
4.164687 2.019128 2.082344
5.211511 2.188318 2.605756
-0.013707 0.258216 -0.006853
-6.129162 -2.957074 -3.064581
-2.680323 -1.348585 -1.340162
-1.374364 -0.573102 -0.687182
6.199714 2.990409 3.099857
5.665719 2.588310 2.832860
-1.015822 -0.636637 -0.507911
-0.326548 0.039302 -0.163274
-4.670979 -2.403893 -2.335489
5.152720 2.290952 2.576360
-2.399408 -1.343976 -1.199704
1.323114 0.256881 0.661557
-4.184257 -2.281236 -2.092128
-3.499648 -1.643476 -1.749824
0.528801 0.166658 0.264400
2.267383 0.688070 1.133692
2.150304 1.313315 1.075152
0.047754 0.106134 0.023877
-3.357959 -2.063027 -1.678979
-4.002505 -1.823380 -2.001252
5.115209 2.576155 2.557604
-3.788510 -1.927051 -1.894255
-2.651950 -1.371619 -1.325975
4.665554 2.162566 2.332777
-1.180002 -0.878469 -0.590001
3.812921 1.740043 1.906461
3.389351 1.737963 1.694676
-2.023877 -1.047916 -1.011939
-0.620335 -0.347585 -0.310168
6.264956 3.025838 3.132478
6.114957 2.828015 3.057478
0.260340 0.197384 0.130170
1.298853 0.605383 0.649427
-3.251240 -1.734916 -1.625620
-6.102025 -3.047276 -3.051012
-1.804243 -0.623328 -0.902121
-1.019110 -0.150510 -0.509555
-5.804477 -2.937343 -2.902238
-3.847618 -2.193866 -1.923809
-2.044961 -0.835156 -1.022481
3.229949 1.555929 1.614975
0.333749 -0.153314 0.166875
5.229423 2.794352 2.614711
5.083087 2.587393 2.541543
4.734039 2.301921 2.367020
-4.617323 -2.457057 -2.308662
0.194160 0.140946 0.097080
-0.064262 -0.204586 -0.032131
-1.483303 -0.520345 -0.741652
-0.375657 -0.169019 -0.187829
2.734445 1.234664 1.367222
-0.646377 -0.546484 -0.323189
0.122204 0.002225 0.061102
-4.445683 -2.379867 -2.222841
5.429933 2.634675 2.714967
-3.631746 -1.936959 -1.815873
-0.471172 -0.326049 -0.235586
3.050186 1.255531 1.525093
-0.961538 -0.706023 -0.480769
6.188642 2.699368 3.094321
-0.359336 -0.254614 -0.179668
4.001143 1.954630 2.000571
0.457013 0.055555 0.228506
-5.703856 -2.931373 -2.851928
1.175761 0.486034 0.587880
4.962116 2.171965 2.481058
0.069235 0.081497 0.034617
5.468501 2.430649 2.734250
-5.406840 -2.818878 -2.703420
-5.837682 -2.761208 -2.918841
2.936037 1.779741 1.468019
-3.002200 -1.565467 -1.501100
-2.880447 -1.642545 -1.440223
-4.531436 -2.192338 -2.265718
3.254446 1.537377 1.627223
3.267917 1.045657 1.633958
4.041382 1.993703 2.020691
-2.616210 -1.576570 -1.308105
-1.932260 -1.235232 -0.966130
0.807671 0.307973 0.403835
4.835845 2.280414 2.417923
0.251906 0.352733 0.125953
1.664580 0.970856 0.832290
-6.227789 -3.324156 -3.113895
0.309494 0.405832 0.154747
0.865950 0.800130 0.432975
5.152435 2.290006 2.576218
-1.114126 -0.924799 -0.557063
6.052998 2.828106 3.026499
-2.736973 -1.330582 -1.368487
1.132635 0.455444 0.566318
2.394231 0.795687 1.197116
3.120285 1.418018 1.560142
0.556465 0.132804 0.278233
-4.297039 -2.090516 -2.148520
0.391257 -0.185770 0.195629
4.962544 2.445517 2.481272
3.423642 2.021050 1.711821
5.953993 3.062558 2.976996
2.806251 1.125932 1.403125
-4.175824 -1.596126 -2.087912
-4.021882 -2.296314 -2.010941
3.548283 1.971585 1.774141
3.330567 1.632349 1.665283
2.498425 1.067883 1.249213
0.410284 0.305284 0.205142
2.014545 0.887846 1.007273
-1.821941 -1.083447 -0.910971
-4.245446 -1.998833 -2.122723
5.525208 3.038012 2.762604
3.092674 1.426958 1.546337
5.291423 2.711893 2.645712
2.892046 1.326654 1.446023
-3.375034 -1.134879 -1.687517
1.881913 0.970685 0.940957
-3.647135 -1.658758 -1.823567
0.517236 0.506758 0.258618
-4.706601 -2.553234 -2.353301
-3.784263 -2.259102 -1.892132
-2.060333 -1.086388 -1.030167
0.084170 0.327891 0.042085
3.043550 1.410274 1.521775
-2.302293 -1.120899 -1.151147
4.791429 2.315713 2.395714
2.698758 1.508255 1.349379
0.528139 0.274776 0.264070
-2.537510 -1.363396 -1.268755
-5.012715 -2.301897 -2.506357
-6.272461 -3.252444 -3.136231
5.537943 3.054565 2.768972
0.205628 0.404629 0.102814
-2.470951 -0.945160 -1.235475
-5.035355 -2.213903 -2.517677
-5.813207 -3.104358 -2.906603
-1.755972 -0.858351 -0.877986
-1.143563 -0.179006 -0.571781
1.842149 1.028019 0.921074
3.788399 1.897917 1.894199
-0.651100 -0.185258 -0.325550
-0.499480 -0.095644 -0.249740
3.249168 1.536110 1.624584
-4.864767 -2.360363 -2.432384
1.184958 0.665607 0.592479
-0.395707 -0.122401 -0.197854
-4.478193 -2.160937 -2.239096
-3.442634 -1.841914 -1.721317
5.784485 2.945304 2.892243
3.419917 2.279999 1.709958
-3.000762 -1.738673 -1.500381
-0.958918 -0.462805 -0.479459
-5.191687 -2.512329 -2.595843
5.695648 2.860619 2.847824
-0.383057 -0.102272 -0.191529
-2.005735 -0.429985 -1.002867
1.401423 0.490350 0.700712
-4.014106 -1.789437 -2.007053
-0.520494 -0.312060 -0.260247
1.506356 0.981170 0.753178
-4.185982 -1.886527 -2.092991
5.036891 2.620302 2.518446
1.243371 0.744527 0.621685
3.954194 2.161553 1.977097
-6.088336 -3.143388 -3.044168
2.852790 1.277002 1.426395
3.903143 2.064889 1.951571
4.957197 2.700369 2.478599
0.534277 0.250737 0.267139
-3.394828 -1.419956 -1.697414
5.098483 2.142730 2.549241
-3.949293 -2.209670 -1.974646
2.029559 1.016856 1.014780
-1.153028 -0.654837 -0.576514
-2.264722 -0.939049 -1.132361
-2.590521 -0.903684 -1.295260
3.679167 1.649941 1.839583
-4.946272 -2.276489 -2.473136
2.937945 1.222735 1.468972
3.179220 1.683490 1.589610
0.926426 0.828373 0.463213
-6.020225 -3.074000 -3.010112
1.523234 0.736063 0.761617
-2.113329 -1.221909 -1.056665
6.038169 2.920770 3.019084
-4.111396 -2.211416 -2.055698
0.654225 -0.059651 0.327112
0.777640 0.436464 0.388820
0.734440 0.394120 0.367220
-3.152568 -1.723125 -1.576284
4.682366 2.159091 2.341183
3.978043 1.990001 1.989022
0.216778 -0.023111 0.108389
-1.149752 -1.061038 -0.574876
4.273419 2.088366 2.136709
4.301670 1.966154 2.150835
4.200823 2.071975 2.100412
5.159558 2.917480 2.579779
-5.151545 -2.726292 -2.575773
-0.027118 -0.072015 -0.013559
-6.113871 -2.988477 -3.056936
3.287405 1.612159 1.643703
3.148786 1.357957 1.574393
4.797882 2.409055 2.398941
2.268199 1.347692 1.134100
5.483554 2.703032 2.741777
2.227534 0.923586 1.113767
-5.937773 -2.944417 -2.968886
-4.061118 -2.098470 -2.030559
-3.778736 -1.929063 -1.889368
4.085863 2.047186 2.042931
-1.508479 -0.775040 -0.754240
-2.555423 -1.033981 -1.277712
-2.023103 -1.119763 -1.011552
-1.822355 -1.072933 -0.911178
0.787248 0.232620 0.393624
-4.321441 -1.797701 -2.160720
2.938208 1.435709 1.469104
-5.046320 -2.797668 -2.523160
-2.711966 -1.160104 -1.355983
-3.742502 -1.871658 -1.871251
2.389640 1.269369 1.194820
1.105535 0.721013 0.552768
4.142217 1.940839 2.071108
-4.796524 -2.073943 -2.398262
1.697093 0.953283 0.848546
-5.103011 -2.275038 -2.551506
1.965644 1.233947 0.982822
-1.410592 -0.499025 -0.705296
-5.617292 -2.750771 -2.808646
1.426412 0.825965 0.713206
-0.737386 -0.239604 -0.368693
0.980217 0.520497 0.490108
2.109925 0.956237 1.054962
3.547762 1.734265 1.773881
-0.467109 -0.320994 -0.233555
-6.206594 -2.765613 -3.103297
-2.412083 -1.100949 -1.206041
-5.448834 -2.573592 -2.724417
-2.615417 -1.317470 -1.307709
5.397112 2.269790 2.698556
1.262654 0.733680 0.631327
1.253075 0.900574 0.626537
5.982563 2.938021 2.991281
5.354571 2.876075 2.677286
-0.101786 -0.236581 -0.050893
3.791159 1.587282 1.895579
2.347770 1.220564 1.173885
1.615379 0.502262 0.807690
2.547331 1.298636 1.273666
-5.076563 -2.709201 -2.538282
3.095124 1.398094 1.547562
4.008831 1.761896 2.004415
5.475538 3.028255 2.737769
-3.374620 -1.275638 -1.687310
-1.290722 -1.038107 -0.645361
1.261860 0.970549 0.630930
-1.501813 -0.672116 -0.750907
-0.615627 -0.943241 -0.307813
4.437109 2.128750 2.218554
-0.961337 -0.169148 -0.480669
-4.726550 -2.242667 -2.363275
4.135813 1.920408 2.067907
-3.664582 -1.897386 -1.832291
0.308738 0.364553 0.154369
1.310826 0.806097 0.655413
-3.188518 -1.611382 -1.594259
0.224955 -0.014331 0.112477
5.080026 2.317439 2.540013
-4.030098 -2.360248 -2.015049
-3.113064 -1.472638 -1.556532
1.350848 0.454110 0.675424
2.774372 1.340496 1.387186
-4.683190 -2.460894 -2.341595
-0.883687 -0.573828 -0.441844
-4.736782 -2.302052 -2.368391
5.749564 2.482433 2.874782
-0.497308 -0.462800 -0.248654
-4.337119 -2.271121 -2.168560
-0.574689 -0.332606 -0.287345
4.516425 2.304437 2.258212
-4.268442 -2.120383 -2.134221
-2.643803 -1.441692 -1.321901
-2.272876 -0.973373 -1.136438
-5.039605 -2.378928 -2.519803
-5.170241 -2.439536 -2.585120
-3.234149 -1.392574 -1.617075
2.277239 0.963396 1.138619
4.788887 2.547252 2.394444
-0.294338 0.206288 -0.147169
-0.685440 -0.284278 -0.342720
2.405796 1.529218 1.202898
-3.049591 -1.723665 -1.524796
-0.887686 -0.204125 -0.443843
6.039985 2.939716 3.019992
-0.077845 0.133709 -0.038923
-3.989416 -1.930404 -1.994708
4.268254 2.172896 2.134127
-5.740085 -2.670364 -2.870043
5.702255 3.131003 2.851128
2.446731 1.171447 1.223366
2.607146 1.313981 1.303573
1.467357 0.760156 0.733679
-1.051352 -0.332020 -0.525676
1.958812 1.118775 0.979406
4.793736 2.393484 2.396868
1.372548 0.377339 0.686274
5.904162 2.952911 2.952081
3.417439 1.423300 1.708719
4.967118 2.506559 2.483559
-5.500672 -2.300145 -2.750336
-2.284306 -1.242419 -1.142153
5.674941 2.733283 2.837471
1.794883 0.720931 0.897442
-0.525271 -0.398771 -0.262636
-5.366459 -2.687694 -2.683230
-1.560108 -0.559857 -0.780054
2.883382 1.367687 1.441691
2.818095 1.670721 1.409047
1.358530 0.983454 0.679265
5.793545 2.761686 2.896773
-5.462914 -2.825018 -2.731457
-2.494390 -1.275236 -1.247195
-4.126766 -2.126156 -2.063383
-0.763224 -0.244448 -0.381612
2.281751 1.335427 1.140875
-4.711620 -2.402479 -2.355810
1.600493 0.841359 0.800247
-1.349244 -0.547850 -0.674622
1.183548 0.858789 0.591774
-5.220480 -2.277293 -2.610240
-6.138695 -3.183666 -3.069348
2.340989 1.343954 1.170494
-6.256711 -2.981817 -3.128356
5.908714 3.248772 2.954357
1.802726 1.054096 0.901363
-4.141765 -2.029599 -2.070883
-3.652313 -2.522901 -1.826156
-1.371522 -0.439283 -0.685761
4.735519 2.473045 2.367759
-5.648622 -2.600263 -2.824311
6.017978 2.764257 3.008989
-1.414387 -0.963760 -0.707194
-0.334888 -0.311570 -0.167444
3.499939 1.851054 1.749969
-5.419895 -2.673733 -2.709948
1.171919 0.627477 0.585959
-3.336556 -1.681466 -1.668278
5.980728 3.172693 2.990364
4.647440 2.267405 2.323720
0.834520 0.278116 0.417260
4.473354 2.138914 2.236677
6.243692 3.187658 3.121846
3.285353 1.580071 1.642676
4.965792 2.211899 2.482896
-2.081422 -0.852418 -1.040711
3.825430 2.029067 1.912715
3.988441 2.263354 1.994221
2.786688 1.362333 1.393344
0.935782 0.603876 0.467891
1.526364 0.607758 0.763182
5.884760 3.057822 2.942380
0.283092 0.429262 0.141546
0.039773 -0.018069 0.019887
2.705958 1.649326 1.352979
4.023074 1.966156 2.011537
6.045543 2.297522 3.022771
0.988488 0.588565 0.494244
-1.668283 -0.546345 -0.834141
3.245857 1.374447 1.622928
3.777430 2.164353 1.888715
5.698481 2.728297 2.849241
6.088890 3.026463 3.044445
2.682340 1.341120 1.341170
0.931256 0.317850 0.465628
3.259504 1.304727 1.629752
2.410080 1.207742 1.205040
-3.491411 -2.145290 -1.745705
-5.038603 -2.533978 -2.519302
4.889838 2.545602 2.444919
2.967154 1.355098 1.483577
2.184676 1.160704 1.092338
-2.517204 -1.632298 -1.258602
1.604074 0.915247 0.802037
-5.168677 -2.528502 -2.584338
-2.885210 -1.388496 -1.442605
4.126430 2.154286 2.063215
-4.876163 -2.535849 -2.438082
3.694591 1.763664 1.847296
-3.120600 -1.439186 -1.560300
-2.201509 -1.170225 -1.100754
0.854482 0.290458 0.427241
-5.774959 -2.670804 -2.887480
-2.311969 -1.271359 -1.155984
0.600506 0.493225 0.300253
-5.771703 -3.123624 -2.885851
-4.720100 -2.657952 -2.360050
1.350222 0.856407 0.675111
6.097397 3.166734 3.048699
2.948574 1.709348 1.474287
4.822772 2.253236 2.411386
-0.133049 -0.513551 -0.066525
0.127418 0.018461 0.063709
-2.022641 -1.300665 -1.011320
-5.846511 -3.276951 -2.923256
-5.997857 -2.965954 -2.998928
-6.071905 -3.201732 -3.035953
-0.201803 0.000403 -0.100902
5.051830 2.193913 2.525915
3.015261 1.784789 1.507630
-2.237804 -1.186627 -1.118902
-5.452910 -2.363948 -2.726455
6.101367 2.817780 3.050684
-0.069879 -0.117039 -0.034940
-1.922689 -1.171996 -0.961345
2.183035 0.990460 1.091517
3.766900 1.762953 1.883450
-3.505380 -1.660770 -1.752690
-6.246205 -2.731884 -3.123102
1.716714 0.757650 0.858357
-5.302519 -2.537126 -2.651260
-3.442820 -1.569381 -1.721410
1.899940 0.785788 0.949970
3.844820 2.061145 1.922410
5.888401 2.878590 2.944201
2.891644 1.731695 1.445822
-4.586284 -2.147849 -2.293142
4.505302 2.158061 2.252651
2.494362 1.326206 1.247181
5.862370 2.950428 2.931185
-4.638047 -2.352267 -2.319023
5.149282 2.532544 2.574641
4.942573 2.701321 2.471286
-3.913337 -2.135930 -1.956669
1.474102 0.993348 0.737051
-4.952117 -2.324149 -2.476058
-0.315062 -0.046479 -0.157531
1.928562 1.045545 0.964281
1.465105 1.033903 0.732553
-6.199979 -2.826802 -3.099989
-0.483343 -0.129914 -0.241671
2.528973 1.789165 1.264487
5.000642 2.276730 2.500321
3.148461 1.686586 1.574230
0.278467 0.366405 0.139233
-5.562990 -2.653461 -2.781495
-0.453176 -0.240040 -0.226588
2.348243 0.864046 1.174122
-5.472147 -2.507754 -2.736074
3.811462 1.915981 1.905731
-4.628393 -2.033071 -2.314197
-3.907300 -2.020638 -1.953650
6.262322 3.520918 3.131161
-2.525631 -1.179875 -1.262816
6.147997 3.022322 3.073998
0.934920 0.454692 0.467460
2.141363 1.264953 1.070682
4.164729 2.440068 2.082364
2.213712 1.043522 1.106856
-5.972553 -3.285772 -2.986277
2.572248 1.027177 1.286124
-0.019693 0.258277 -0.009847
2.957432 1.522081 1.478716
-3.047963 -1.955259 -1.523981
0.691974 0.140592 0.345987
-0.050611 -0.237819 -0.025305
1.850283 1.152523 0.925142
-1.438024 -0.647720 -0.719012
-4.418478 -2.192047 -2.209239
4.618834 2.366521 2.309417
-4.202069 -1.908916 -2.101035
-0.852422 -0.404629 -0.426211
-2.888938 -1.471905 -1.444469
5.548719 2.576887 2.774359
-5.917827 -2.778353 -2.958914
3.454023 2.077150 1.727012
-5.259883 -2.917092 -2.629941
-0.382789 -0.025196 -0.191395
5.469874 2.909750 2.734937
1.106475 0.463271 0.553238
5.948097 2.925190 2.974048
4.380529 2.188534 2.190265
2.043409 0.946901 1.021704
3.690560 1.778502 1.845280
1.294742 0.762437 0.647371
-5.698382 -2.573102 -2.849191
-3.867732 -1.758146 -1.933866
2.459842 1.127522 1.229921
-1.167399 -0.656703 -0.583700
3.162852 1.413429 1.581426
4.361206 2.563808 2.180603
2.363000 1.130656 1.181500
-4.555594 -2.118672 -2.277797
-0.940947 -0.469488 -0.470474
-4.168251 -2.019732 -2.084125
-1.515455 -0.785613 -0.757728
-4.350631 -1.847711 -2.175315
-3.880157 -1.977737 -1.940078
1.729832 1.137064 0.864916
-6.275737 -3.440816 -3.137868
-4.780468 -2.236787 -2.390234
0.550955 0.303871 0.275477
-2.768456 -1.314691 -1.384228
5.863718 3.007338 2.931859
-6.040855 -3.146511 -3.020428
-0.782301 -0.261495 -0.391151
2.182920 1.198578 1.091460
-5.652822 -2.617590 -2.826411
-5.877045 -3.078790 -2.938523
6.255868 3.174153 3.127934
5.894410 3.012570 2.947205
4.474972 2.188295 2.237486
-4.315995 -2.245516 -2.157997
-4.504264 -2.042822 -2.252132
