-2.012330 -8.144021 -8.148869
-5.888314 -204.667680 -204.161011
-0.571773 -0.079349 -0.186926
-3.707502 -51.185381 -50.961731
2.421276 14.004067 14.194923
-5.370196 -154.772354 -154.871095
-2.788413 -21.537984 -21.680606
4.730961 106.201875 105.888336
-2.562504 -16.469945 -16.826496
6.278818 247.590973 247.533332
1.894194 6.620380 6.796311
-4.325181 -80.848686 -80.911994
4.860096 114.503263 114.798039
-4.573749 -95.681256 -95.679087
-6.037603 -220.067370 -220.086658
5.216054 142.024024 141.914321
-1.568654 -3.781752 -3.859950
-3.107728 -30.247077 -30.014359
3.875366 58.272222 58.202020
3.109772 30.361008 30.073618
-4.772114 -108.488859 -108.675708
-1.535603 -3.841386 -3.621067
-0.169755 0.325049 -0.004892
-5.727105 -187.899046 -187.847521
-5.457046 -162.359135 -162.507283
-3.109563 -30.124544 -30.067565
0.437491 -0.237728 0.083735
-3.809185 -55.108788 -55.270870
5.971388 212.952231 212.924564
-5.733874 -188.348534 -188.514386
-3.576739 -45.790660 -45.757429
2.389760 13.980236 13.647806
-3.187407 -32.363147 -32.382677
-0.167311 0.003768 -0.004684
5.144813 136.714111 136.178551
0.781211 0.374847 0.476766
5.502782 166.496142 166.627634
-3.925249 -60.119073 -60.478598
2.191495 10.631667 10.524981
1.119576 1.436806 1.403332
-0.809852 -0.645988 -0.531149
3.720334 51.747679 51.492729
-1.127323 -1.493021 -1.432665
3.747907 52.824796 52.646139
5.824319 197.849439 197.576587
-5.282624 -147.784560 -147.417558
2.406540 14.276390 13.937314
-3.775315 -53.659152 -53.809589
-3.443119 -40.593719 -40.818409
-3.862792 -57.708832 -57.637333
-3.054402 -28.263716 -28.495658
-2.239379 -10.914238 -11.230078
5.798616 194.871285 194.972393
-2.733942 -20.441894 -20.434684
-3.981587 -63.232583 -63.120262
0.105268 -0.300280 0.001167
1.807519 5.788934 5.905394
-0.351523 0.300842 -0.043437
-5.063906 -129.812631 -129.854450
-5.226133 -142.936997 -142.738583
-4.966386 -122.557982 -122.495873
-0.608483 0.066634 -0.225291
0.911277 0.893009 0.756748
1.582023 4.603540 3.959485
-0.277417 0.394353 -0.021350
4.330867 81.376177 81.231525
6.206958 238.693232 239.131241
2.060451 8.550090 8.747565
3.606604 46.959932 46.913226
-0.376086 -0.176614 -0.053194
2.387693 13.610251 13.612417
4.850313 114.330358 114.106249
3.371706 38.398502 38.330907
-0.798379 -0.002800 -0.508895
4.602961 97.349998 97.524087
-0.915717 -0.720509 -0.767863
-3.825159 -56.048476 -55.969138
-1.316936 -2.067588 -2.283987
-0.612690 -0.399469 -0.229997
1.033692 1.415283 1.104521
0.074018 -0.023404 0.000406
2.636459 18.212143 18.325802
-2.249169 -11.209287 -11.378015
-1.227447 -2.199846 -1.849302
6.077951 224.824398 224.528513
-0.153592 -0.180354 -0.003623
3.620673 47.581192 47.464392
5.663476 181.754458 181.655755
4.825124 112.397017 112.337675
4.419675 86.174989 86.331856
-1.020424 -1.274333 -1.062532
-3.454115 -41.397188 -41.210723
-5.176258 -138.267059 -138.690798
-2.931825 -25.342861 -25.200785
0.977159 0.771065 0.933030
2.784857 21.180360 21.597758
-5.854518 -200.807312 -200.665812
-3.584693 -45.627057 -46.063402
6.068857 223.473679 223.522266
-6.220658 -240.769682 -240.718279
4.662574 101.231800 101.362502
-3.136604 -31.174231 -30.858807
-6.013617 -217.739433 -217.473966
-3.952200 -61.750523 -61.732931
-0.533276 -0.264097 -0.151655
-6.048209 -221.455092 -221.248479
-0.999184 -1.254956 -0.997554
-0.566125 0.021771 -0.181442
3.851738 57.174767 57.143926
-3.077239 -29.354493 -29.139601
4.154599 71.473236 71.711261
-3.599450 -46.765910 -46.634632
-0.697956 -0.604671 -0.340005
0.050069 -0.105490 0.000126
-2.992867 -26.964143 -26.807878
-0.650424 -0.428820 -0.275163
-0.288851 -0.277479 -0.024100
-6.073414 -224.117718 -224.026104
-4.059586 -66.877278 -66.902963
4.737219 106.139051 106.309078
-5.573495 -173.094660 -173.134204
2.431124 14.429630 14.368825
-1.336429 -2.100938 -2.386919
1.187444 1.533682 1.674323
2.681829 19.189672 19.288260
-3.243745 -34.380489 -34.130304
-5.860649 -201.230297 -201.296874
2.441505 14.761451 14.553687
-1.019485 -0.805228 -1.059602
2.661398 19.000270 18.850789
0.367397 0.154319 0.049591
-1.218228 -2.034633 -1.807949
-2.535310 -16.326326 -16.296450
1.390450 2.735553 2.688228
-6.093967 -226.664232 -226.308227
-0.300999 0.286909 -0.027271
-5.176864 -138.574476 -138.739579
3.641180 48.035484 48.275449
-5.910186 -206.065713 -206.444560
-0.766820 -0.224931 -0.450901
-1.886724 -6.702507 -6.716219
4.549129 94.475653 94.142259
5.715007 186.773233 186.659584
-5.453882 -162.050407 -162.224826
-5.701777 -185.142972 -185.366281
-0.209593 -0.180798 -0.009207
2.306645 12.700618 12.272754
-5.697966 -184.800973 -184.994790
-4.855686 -114.344455 -114.485824
-4.288342 -78.765168 -78.862064
-3.633304 -48.351266 -47.962876
-6.013708 -217.535736 -217.483859
3.014368 27.408157 27.389809
2.070420 8.944523 8.875141
-1.608219 -4.103920 -4.159449
0.440674 0.307374 0.085576
4.481119 89.934086 89.982789
4.202607 74.277961 74.226023
5.104210 133.234037 132.979788
0.705297 0.626451 0.350845
-1.551837 -3.441019 -3.737129
2.550923 16.819326 16.599388
0.696502 0.406842 0.337883
-5.557887 -171.798500 -171.683711
2.324551 12.671508 12.560793
5.008845 125.931434 125.664577
0.642024 0.323170 0.264639
5.828602 198.190684 198.012730
-4.295263 -79.380978 -79.244541
1.599432 3.816693 4.091638
5.983200 214.102459 214.190691
4.010871 64.561127 64.523245
-2.599039 -17.541235 -17.556523
0.506631 0.036236 0.130039
3.062633 28.400287 28.726655
-2.961614 -25.920182 -25.976771
-3.003204 -26.888838 -27.086605
4.720744 104.994934 105.203755
-2.174333 -10.401745 -10.279645
0.999770 0.802759 0.999309
-4.235239 -75.784220 -75.968533
-1.677995 -5.043551 -4.724672
-1.826721 -6.362763 -6.095607
4.822147 111.934996 112.129846
-3.698764 -50.603934 -50.602275
-3.660019 -48.845743 -49.028668
4.665420 101.593694 101.548182
-3.816251 -55.482086 -55.579017
-0.062922 0.080553 -0.000249
5.903605 205.896366 205.755694
-4.211718 -74.919974 -74.709862
1.632880 4.294081 4.353740
-5.293978 -148.339690 -148.370125
1.521754 3.569165 3.523981
4.870134 115.370615 115.510806
-4.814028 -111.559773 -111.564427
2.867109 23.374475 23.568529
-4.550087 -94.089828 -94.201762
-3.209421 -33.121788 -33.058270
-4.455056 -88.305373 -88.421815
-6.166048 -234.432056 -234.434069
5.603002 176.216282 175.898546
-4.061588 -67.292042 -67.001982
-3.550373 -44.393824 -44.752994
-6.268418 -245.946029 -246.305335
4.673185 102.217690 102.056083
-2.036104 -8.158993 -8.441119
4.565802 95.621194 95.181209
3.255799 34.237151 34.512198
3.775549 53.759397 53.819594
1.019105 0.904246 1.058417
2.585890 17.317269 17.291405
4.376229 84.008323 83.810821
-1.670461 -4.522475 -4.661323
4.832844 112.848189 112.877776
0.628247 -0.013054 0.247965
4.440360 87.680050 87.549690
-5.912585 -206.583505 -206.696074
3.775350 53.648430 53.811086
-2.856824 -23.315896 -23.315796
-2.292732 -11.950802 -12.052019
3.090221 29.885483 29.509964
-4.689826 -102.637160 -103.150237
-4.523235 -92.431362 -92.543798
-3.343117 -37.223788 -37.364106
-4.508439 -91.455590 -91.638635
4.102709 69.147731 69.057696
0.791528 0.322801 0.495905
2.417308 14.230654 14.125238
5.571663 173.087228 172.963513
-2.530153 -15.853861 -16.197218
4.299724 79.816346 79.491685
-1.686534 -4.667131 -4.797176
2.935841 25.000042 25.304492
-3.214445 -32.792220 -33.213749
3.476653 42.013868 42.022714
-0.532783 -0.163965 -0.151235
5.735959 189.077536 188.720037
-3.327458 -36.850650 -36.841553
4.574429 95.869625 95.721770
5.384359 155.945975 156.099720
4.952970 121.251806 121.505842
-5.153674 -136.739596 -136.883415
3.435176 40.668993 40.536562
-0.171025 -0.106969 -0.005002
4.999508 125.071491 124.963114
0.346893 -0.150171 0.041743
5.141477 135.847891 135.913869
1.397934 2.919269 2.731871
-0.263947 0.254774 -0.018389
-0.765389 -0.573910 -0.448380
-4.170206 -72.465131 -72.522478
4.525396 92.287791 92.676531
-4.986506 -124.103482 -123.990644
0.031139 -0.098553 0.000030
6.018749 217.989657 218.031224
2.124181 9.617764 9.584615
4.563780 95.286016 95.054784
-2.080813 -8.767451 -9.009467
0.596157 0.133103 0.211876
5.895800 204.750407 204.940688
-4.246483 -76.896623 -76.575201
1.308202 2.075172 2.238849
0.386300 0.272701 0.057647
-3.826823 -55.857683 -56.042210
-5.531486 -169.127330 -169.248723
-5.434240 -160.237782 -160.478339
0.237629 0.475578 0.013418
-0.370718 -0.281530 -0.050948
-4.977321 -122.843918 -123.306798
3.332847 36.956459 37.020824
-1.903472 -7.258252 -6.896668
2.691361 19.164529 19.494671
-0.482012 -0.146612 -0.111988
1.631608 4.312553 4.343573
-5.522937 -168.500433 -168.465268
0.655879 0.608196 0.282144
1.553152 3.929452 3.746641
-1.713017 -4.596076 -5.026724
-1.481842 -2.943771 -3.253908
1.488796 3.014586 3.299936
-3.395080 -39.175652 -39.133617
-4.337275 -81.724200 -81.592635
5.714841 186.424643 186.643293
1.212020 1.591381 1.780446
5.207123 141.226801 141.186603
-3.272928 -35.166439 -35.059803
-1.054971 -1.200656 -1.174146
2.698202 19.673215 19.643709
5.118492 134.172508 134.099146
-1.356043 -2.450922 -2.493562
2.854198 23.391815 23.251569
4.118659 69.736417 69.866255
0.134306 -0.358647 0.002423
0.033010 -0.090438 0.000036
-5.599955 -175.478754 -175.611763
5.032996 127.384791 127.491074
3.599585 46.603613 46.639864
-3.472952 -41.908698 -41.888636
4.724811 105.060815 105.475948
-6.249147 -244.288704 -244.040736
5.945366 210.224454 210.153095
5.637534 179.388391 179.170888
2.179051 10.337103 10.346705
0.896924 0.733420 0.721550
0.050027 0.131080 0.000125
-3.238443 -34.149408 -33.963212
0.318046 0.245937 0.032171
4.261481 77.383389 77.389455
-4.438321 -87.331797 -87.429099
1.755137 5.136781 5.406711
2.540159 16.521308 16.390151
-1.237769 -1.996407 -1.896353
5.882950 203.470966 203.603649
1.322779 2.696509 2.314527
2.753719 20.512904 20.881365
-1.056709 -1.503615 -1.179956
-4.765573 -108.009980 -108.229443
1.954579 7.549028 7.467230
5.683416 183.766577 183.581296
4.810041 111.478843 111.287515
-1.839159 -6.366754 -6.220964
2.709048 19.839292 19.881545
-0.017753 -0.130438 -0.000006
-3.447865 -40.989663 -40.987436
-4.392184 -84.870541 -84.730880
-2.959517 -25.725562 -25.921630
3.727115 51.643856 51.774780
0.590584 0.494735 0.205990
-2.347292 -12.826351 -12.933064
-0.004366 0.193731 -0.000000
4.174228 72.918486 72.732491
-3.808733 -55.311767 -55.251186
-1.457460 -3.004103 -3.095919
-6.187058 -236.667587 -236.838655
4.461791 88.521050 88.823471
2.873476 23.511490 23.725903
-5.683353 -183.466091 -183.575184
2.254496 11.606000 11.459046
0.390387 -0.077789 0.059496
-1.715811 -4.837523 -5.051359
-0.143190 -0.011422 -0.002936
5.036422 127.474247 127.751599
-3.888146 -58.730251 -58.779737
1.385077 2.555596 2.657182
-6.067022 -223.128853 -223.319485
5.608458 176.526556 176.412885
-2.482524 -15.024603 -15.299618
-4.366325 -82.989701 -83.243093
2.397704 13.883003 13.784364
-4.821190 -111.848602 -112.063096
-1.838926 -6.101611 -6.218605
-1.254809 -1.928274 -1.975753
-1.798542 -6.064906 -5.817839
-3.063500 -28.545434 -28.751048
1.068372 1.129228 1.219460
-2.471043 -14.950044 -15.088321
-4.031064 -65.645255 -65.502693
-4.392816 -84.780968 -84.767442
2.295313 12.547107 12.092774
2.386885 13.472091 13.598607
5.704643 185.470547 185.645953
4.824334 112.162427 112.282504
0.269561 0.167332 0.019587
-1.941317 -7.726579 -7.316268
3.910670 59.549201 59.807198
-3.426085 -40.155433 -40.215584
5.655311 181.291781 180.871209
-4.344119 -81.734186 -81.979495
3.767170 53.362605 53.462046
-4.335661 -81.605673 -81.501574
5.664615 181.560184 181.765413
-2.498184 -15.539261 -15.590979
6.104103 227.641307 227.439365
1.043359 1.538438 1.135798
6.179157 235.607750 235.932408
-5.599024 -175.162575 -175.524231
-4.945594 -120.437130 -120.963788
-4.227336 -75.595964 -75.544045
-4.349889 -82.074324 -82.306576
-2.218334 -10.800881 -10.916432
-0.121154 0.078473 -0.001778
-5.693290 -184.297644 -184.539791
5.846584 200.167171 199.851146
-1.773871 -5.253767 -5.581699
-1.935235 -7.275799 -7.247721
1.168678 1.649244 1.596188
-1.798875 -5.695621 -5.821073
4.345853 82.087555 82.077684
-0.928316 -1.075586 -0.799995
5.102605 132.862675 132.854348
-1.517506 -3.694746 -3.494551
3.557813 45.116421 45.034931
2.633110 18.490567 18.256068
-6.149896 -232.707312 -232.596611
-4.472126 -89.384947 -89.442102
1.231215 1.876730 1.866387
2.288121 11.835128 11.979451
-2.168674 -9.947229 -10.199591
2.933691 25.415474 25.248950
-2.333513 -12.683317 -12.706639
-4.915865 -118.832422 -118.795469
5.304254 149.247400 149.235770
3.245365 34.025847 34.181448
-6.018912 -218.252011 -218.048969
-5.296039 -148.688802 -148.543470
-0.057511 -0.147796 -0.000190
0.986541 0.767959 0.960163
1.551589 3.558084 3.735340
3.958750 62.336371 62.040363
0.898596 0.717246 0.725593
-2.992530 -26.926869 -26.798802
2.384438 13.586724 13.556821
-1.118304 -1.470200 -1.398557
-1.322251 -2.098634 -2.311755
-5.773914 -192.462007 -192.491200
2.589700 17.352346 17.367938
-3.231384 -33.864201 -33.741617
1.822490 5.824669 6.053346
-3.914891 -60.034062 -60.001095
-5.171046 -138.477349 -138.272339
-5.852158 -200.476412 -200.423300
-5.304848 -149.531038 -149.285881
1.508069 3.352150 3.429757
-6.244275 -243.370651 -243.470389
4.528614 93.134925 92.874401
-3.757914 -52.989010 -53.068950
-1.207252 -1.703653 -1.759520
0.630679 0.576437 0.250856
5.849626 200.113106 200.163211
-3.421789 -39.879861 -40.064504
-1.014867 -0.897468 -1.045268
1.422418 2.841200 2.877937
0.054423 0.172318 0.000161
-4.676031 -102.379639 -102.242654
-0.172683 -0.302818 -0.005149
4.838819 112.918053 113.296957
0.693621 -0.291186 0.333708
4.474901 89.781855 89.608754
1.455426 3.262835 3.082976
2.711004 19.675191 19.924631
2.384485 13.791744 13.557625
6.225532 241.286465 241.284520
-1.451463 -2.902471 -3.057861
4.465820 88.881941 89.064276
0.232772 -0.084300 0.012612
-6.253973 -244.452364 -244.606474
4.969024 122.971851 122.691156
-2.882112 -24.115246 -23.940471
2.375428 13.449465 13.403728
-5.271312 -146.873451 -146.472529
4.565483 95.294553 95.161270
-2.556781 -16.769653 -16.714000
4.147342 71.337740 71.336134
-2.733429 -20.380969 -20.423172
-5.966769 -212.643457 -212.430848
-3.037994 -27.966986 -28.038876
-4.683107 -102.840854 -102.707505
1.202985 1.684458 1.740928
5.194358 139.836537 140.150830
4.714200 104.663959 104.766861
1.791793 5.634109 5.752589
-5.386483 -156.331296 -156.284447
-2.298593 -12.373801 -12.144680
4.063240 66.978440 67.083747
0.241487 0.216703 0.014083
-2.998634 -26.817514 -26.963122
0.900980 0.560836 0.731385
5.713156 186.391800 186.478245
-2.788757 -21.974115 -21.688624
-2.982951 -26.255715 -26.542288
-5.722078 -187.144614 -187.353321
-1.789758 -5.856026 -5.733014
5.497211 165.971298 166.121998
5.319987 151.139284 150.567687
2.961061 25.818588 25.962224
1.273892 1.998380 2.067273
1.754954 5.425475 5.405015
-1.469139 -2.831963 -3.170942
-4.674302 -102.082249 -102.129291
5.404857 157.815488 157.889272
-0.634454 -0.029832 -0.255388
1.606732 4.359775 4.147923
-1.431046 -2.605527 -2.930631
-4.287909 -78.689874 -78.838185
2.334250 12.940538 12.718687
-6.135804 -231.026682 -231.001336
-1.514763 -3.261548 -3.475637
-2.358134 -13.265100 -13.113110
4.313867 80.137357 80.278658
-4.879977 -115.852131 -116.212594
5.373916 155.439229 155.193207
-3.502064 -42.913381 -42.950914
-1.264564 -2.333456 -2.022191
2.883797 23.518144 23.982467
2.904819 24.632406 24.510791
-5.413893 -158.719645 -158.682483
-4.226386 -75.183273 -75.493162
1.748133 5.537745 5.342239
-0.488535 -0.169851 -0.116597
1.857116 5.964238 6.404969
-0.510439 -0.370044 -0.132994
-5.094138 -132.663624 -132.194079
-1.587390 -4.114478 -3.999915
2.799571 21.588244 21.941900
-2.048342 -8.655879 -8.594240
-2.333992 -12.979169 -12.714468
1.017925 1.388503 1.054744
1.772545 5.682971 5.569184
-3.168705 -31.255714 -31.815982
5.722144 187.541263 187.359733
4.643329 99.744693 100.112484
3.903406 59.453682 59.474539
-1.499831 -3.644501 -3.373860
5.789252 193.799055 194.029314
-4.387973 -84.805563 -84.487389
-1.375094 -2.611143 -2.600145
0.130127 0.085988 0.002203
0.112950 -0.290718 0.001441
5.334860 151.768623 151.833977
4.861801 115.115668 114.918950
-0.303117 0.047535 -0.027850
-5.763640 -191.798281 -191.465530
-1.430879 -3.286064 -2.929600
0.824230 1.033776 0.559945
3.781871 53.802421 54.090399
5.603780 175.893356 175.971820
0.028279 -0.116543 0.000023
3.017930 27.412208 27.486996
-4.272868 -77.942859 -78.011459
6.257439 244.652971 245.013440
4.211989 75.034456 74.724253
1.437840 3.091296 2.972569
3.212612 33.192539 33.156955
-4.382252 -83.895714 -84.157344
5.862834 201.581347 201.522108
5.848452 199.905648 200.042695
0.959546 0.708174 0.883483
-4.984119 -123.715623 -123.812723
5.375412 155.333278 155.322841
4.589786 96.797493 96.689024
3.537508 43.836034 44.268249
3.132564 30.967786 30.739708
-1.629232 -4.373907 -4.324628
1.128865 1.554592 1.438553
-0.888341 -0.801517 -0.701034
-0.867107 -0.884338 -0.651956
-3.792735 -54.340317 -54.557892
-5.251486 -144.905406 -144.826041
5.140892 135.745928 135.867422
5.731676 188.444621 188.297651
6.142351 231.998996 231.741491
5.486036 165.310289 165.110962
-4.229167 -75.948238 -75.642240
1.670343 4.307579 4.660335
5.434106 160.186371 160.466469
0.894441 0.405279 0.715574
1.050404 1.120749 1.158962
-5.531779 -169.532977 -169.275614
-1.571418 -4.280155 -3.880389
-3.807159 -55.382939 -55.182729
-1.891785 -6.643688 -6.770418
-3.431746 -40.626832 -40.415279
-3.484013 -42.572366 -42.290171
-5.191970 -139.742867 -139.957645
5.130023 135.562164 135.007551
-5.577704 -173.397788 -173.526690
2.868519 23.490223 23.603332
-2.441807 -14.432612 -14.559073
-0.294210 0.170612 -0.025467
-0.945819 -0.681651 -0.846106
-5.785444 -193.629087 -193.646733
-4.745754 -107.022397 -106.884710
2.837905 22.939070 22.855658
1.240444 2.098522 1.908672
4.533421 93.033987 93.170466
-5.252509 -144.661214 -144.910666
-1.946252 -7.005622 -7.372202
-3.009536 -27.407053 -27.258289
2.639858 18.500375 18.396772
-1.092031 -1.216377 -1.302282
-5.227536 -142.946234 -142.853607
-6.268366 -245.945438 -246.299251
-0.722566 -0.427540 -0.377252
-0.729528 0.029113 -0.388263
4.937772 120.206228 120.390753
4.930357 120.046895 119.849216
5.814477 196.544221 196.576641
-3.823792 -55.619433 -55.909152
-4.246758 -76.688392 -76.590103
2.408600 13.676102 13.973140
4.804148 111.192762 110.878926
-4.573125 -95.994934 -95.639905
-0.233408 -0.078077 -0.012716
-2.835432 -23.055646 -22.795952
6.070713 223.895144 223.727408
6.279183 247.651001 247.576523
1.604404 4.034086 4.129919
-1.199445 -1.614914 -1.725603
-3.721357 -51.566316 -51.535205
-4.777749 -109.284950 -109.061162
3.539990 44.342017 44.361474
0.170165 -0.063034 0.004927
1.484075 3.301389 3.268646
3.336729 37.197517 37.150352
3.328693 36.835658 36.882567
-2.027980 -8.530671 -8.340475
-1.184922 -1.523133 -1.663678
0.071667 -0.229918 0.000368
2.220307 10.789872 10.945591
3.084978 29.255031 29.360010
2.492854 15.267624 15.491386
4.691683 103.144634 103.272837
5.277016 146.608691 146.948565
4.380067 84.070274 84.031552
-0.851111 -0.830737 -0.616536
-2.023632 -8.188883 -8.286952
1.705265 5.063422 4.958789
4.309553 80.159925 80.038075
-5.192487 -139.966465 -139.999388
5.234562 143.360477 143.430341
-1.817643 -5.863899 -6.005176
-3.424416 -40.349928 -40.156837
0.808020 0.625690 0.527554
2.617972 17.639757 17.942994
4.135871 70.703591 70.745847
-1.278528 -2.007931 -2.089925
0.515304 0.396306 0.136833
-1.951884 -7.201627 -7.436386
-5.692954 -184.395398 -184.507049
1.339068 2.743214 2.401088
5.886757 204.166415 203.999109
-5.997632 -215.972406 -215.744360
0.336381 -0.034387 0.038062
-3.155625 -31.695951 -31.423628
6.196492 237.662372 237.923670
2.321415 12.692467 12.510034
5.462461 163.016868 162.991551
-4.170485 -72.618568 -72.537039
-1.475507 -3.200426 -3.212359
-3.400280 -39.261118 -39.313719
-6.197071 -238.245923 -237.990398
-0.883423 -0.438481 -0.689456
4.453622 88.297292 88.336488
-4.194697 -73.847002 -73.807723
4.828576 112.977475 112.578953
-1.438366 -3.246982 -2.975832
-5.423157 -159.681112 -159.498479
-3.855049 -57.048872 -57.291415
5.587794 174.553847 174.470207
2.484915 15.331513 15.343865
1.904303 6.553365 6.905711
4.130103 70.364078 70.450281
4.848769 113.551736 113.997298
-1.573743 -3.868719 -3.897641
0.007524 0.109871 0.000000
-4.366149 -82.856728 -83.233048
0.353569 -0.164486 0.044200
5.765633 191.870659 191.664211
4.102655 68.837295 69.054985
4.789223 109.657217 109.848799
1.916418 7.209847 7.038352
-2.880191 -24.013331 -23.892618
4.002991 64.333725 64.143673
1.237308 1.731553 1.894232
3.307941 36.130831 36.197059
-3.503916 -42.742963 -43.019087
-5.511602 -167.519882 -167.430104
1.020857 1.324470 1.063886
0.236726 -0.029206 0.013266
0.994623 0.733948 0.983956
4.360959 83.193913 82.936565
-2.420957 -13.801588 -14.189306
-0.849749 -0.605202 -0.613580
-4.014417 -64.808795 -64.694499
3.572694 45.666665 45.602373
-0.644782 -0.280279 -0.268064
-5.128874 -135.044592 -134.916837
3.523923 43.402587 43.760189
2.554486 16.457169 16.669039
-5.194039 -140.399527 -140.124967
2.065563 9.065255 8.812830
5.457130 162.269318 162.514782
1.739144 5.158100 5.260253
-3.136340 -30.732854 -30.851005
3.995278 64.028123 63.773606
4.396068 85.032478 84.955860
4.091989 68.666214 68.517790
4.461430 88.492556 88.801870
1.604805 4.462062 4.133010
3.856187 57.581457 57.342197
-4.386710 -84.468190 -84.414438
6.066564 223.122369 223.268999
5.711397 186.406013 186.306112
4.681581 102.778315 102.607139
-3.821593 -56.077170 -55.812753
-4.592993 -96.894092 -96.891858
-1.509044 -3.727145 -3.436415
1.707507 4.651778 4.978376
6.002933 216.282215 216.316906
-4.952572 -121.596312 -121.476541
-5.101044 -132.540777 -132.732443
-4.599602 -97.682798 -97.310729
-1.659557 -4.249586 -4.570631
-0.368687 -0.023557 -0.050116
4.308357 79.837005 79.971489
-0.236846 -0.367204 -0.013286
-4.106510 -69.233896 -69.249806
-0.061399 -0.501861 -0.000231
-4.296120 -79.119660 -79.291950
2.342524 13.159294 12.854405
-2.682452 -19.297080 -19.301710
3.988320 63.251380 63.440976
-4.360171 -82.828677 -82.891596
0.894266 0.882864 0.715155
0.269659 0.110339 0.019609
-2.434344 -14.518546 -14.426005
-3.889670 -58.806643 -58.848879
-5.266608 -145.903045 -146.080787
-3.895493 -58.957055 -59.113582
-6.161015 -233.770103 -233.860432
1.682886 4.706141 4.766110
-2.299292 -11.956446 -12.155769
-5.557805 -171.249443 -171.676095
-5.078362 -130.992577 -130.969742
-4.148108 -71.039726 -71.375679
5.707181 186.104743 185.893785
-5.763028 -191.364661 -191.404568
5.150951 136.895133 136.666535
-5.396681 -157.156376 -157.173807
-3.703733 -50.753401 -50.806476
-4.634954 -99.594369 -99.571770
2.909113 24.424567 24.619647
2.307478 12.346987 12.286062
-1.378267 -2.390007 -2.618183
0.160182 0.143945 0.004110
2.712370 19.829064 19.954773
-1.574503 -3.998330 -3.903288
-1.999468 -7.874480 -7.993614
0.060636 0.022373 0.000223
-5.448990 -161.045194 -161.788613
3.606838 46.743619 46.922372
-4.691888 -103.306990 -103.286367
-3.555623 -44.977840 -44.951792
-2.209868 -10.447584 -10.791927
-2.332028 -12.997338 -12.682402
6.014457 217.330676 217.565126
0.380574 -0.146889 0.055121
-6.209057 -239.453412 -239.373996
2.788726 21.872545 21.687904
-3.601954 -46.624879 -46.732023
2.708982 19.850724 19.880100
-0.119291 -0.025260 -0.001698
4.650496 100.724304 100.576817
-1.251971 -2.133843 -1.962377
-5.643931 -179.855626 -179.781498
-5.536480 -169.420368 -169.707524
-2.532925 -16.040691 -16.250514
-5.611847 -176.770246 -176.732948
2.297664 12.198186 12.129973
4.653617 100.644953 100.779440
-5.365983 -154.232386 -154.506920
1.762140 5.524193 5.471690
4.000974 63.963928 64.046763
2.515775 15.969397 15.922645
0.123561 -0.074236 0.001886
0.432377 0.148718 0.080833
4.510558 92.166752 91.767913
5.278177 146.948832 147.045518
4.357460 82.759828 82.737067
1.593438 4.005927 4.045809
-0.557549 -0.430989 -0.173320
2.667638 18.917132 18.983690
0.424357 0.296596 0.076417
-5.785897 -193.825300 -193.692212
3.979678 62.802614 63.029471
-2.202519 -10.532563 -10.684622
-0.140212 -0.224040 -0.002756
0.838527 0.579566 0.589591
2.328648 12.554089 12.627322
1.226389 1.971770 1.844526
-0.918449 -0.719340 -0.774756
3.964775 62.421417 62.324059
2.312817 11.968664 12.371538
-3.352148 -37.528712 -37.667748
0.545978 0.119518 0.162752
0.067455 -0.215010 0.000307
4.900733 117.662451 117.701802
-2.359366 -13.204755 -13.133658
3.994561 63.535854 63.739269
-0.597757 -0.702324 -0.213587
-2.927659 -25.072120 -25.093503
1.970339 7.354777 7.649321
-2.081289 -9.037711 -9.015654
-0.091148 -0.010065 -0.000757
1.418265 3.010855 2.852803
2.071877 9.033803 8.893892
4.212181 74.749190 74.734463
5.048320 128.823582 128.659130
4.608490 98.128176 97.875923
-5.055228 -129.148391 -129.187983
-6.146881 -232.113285 -232.254667
0.559693 0.389957 0.175328
1.030291 0.975142 1.093652
0.060611 -0.109965 0.000223
-0.008274 0.011061 -0.000001
-5.413577 -158.838727 -158.654662
5.675429 182.438061 182.808386
-2.627669 -17.872638 -18.143111
1.808434 5.859534 5.914360
-5.161637 -137.141093 -137.518891
5.037745 127.749483 127.852314
-0.905148 -0.701385 -0.741581
5.685873 183.693115 183.819459
4.405071 85.723236 85.478837
4.332402 81.163184 81.317938
5.326715 150.750203 151.139664
-2.398249 -13.593072 -13.793763
1.557761 3.452375 3.780093
-5.884184 -203.470216 -203.731808
2.040325 8.242815 8.493722
3.765438 53.322601 53.388369
-4.218177 -75.064854 -75.054073
0.199953 -0.057198 0.007994
3.564869 45.417575 45.303379
-3.384495 -38.911193 -38.768730
-6.032513 -219.728720 -219.530487
3.289896 35.748639 35.607915
0.853538 0.865541 0.621827
-3.939611 -61.060468 -61.144883
2.789759 21.263300 21.712008
2.958832 25.872143 25.903659
6.058232 222.319391 222.350255
2.092563 9.062947 9.162959
-0.669855 -0.231241 -0.300568
-3.421968 -39.877211 -40.070798
-5.330716 -151.399129 -151.480460
-4.629854 -98.925557 -99.243469
-4.172485 -72.695124 -72.641445
-5.420190 -159.200915 -159.236816
-3.861758 -57.714274 -57.591074
-5.374429 -155.392874 -155.237668
2.368585 13.375621 13.288221
2.001608 8.026493 8.019308
-2.216761 -10.738295 -10.893228
3.487661 42.198814 42.423151
2.471416 14.997607 15.095159
0.465773 0.016169 0.101047
-4.532566 -93.084209 -93.117729
2.105887 9.092362 9.339106
-2.340450 -13.076950 -12.820292
-1.784398 -5.831125 -5.681659
0.358713 0.383688 0.046157
3.987955 63.748554 63.423562
2.180406 10.406584 10.366026
-4.817476 -112.070924 -111.804351
-3.976099 -62.629722 -62.859617
-4.140419 -70.951253 -70.979476
3.544022 44.483011 44.513250
-4.270423 -77.926681 -77.877607
2.510380 15.743039 15.820430
3.966398 62.732416 62.400632
1.542699 4.051032 3.671498
0.172750 0.069042 0.005155
-3.429877 -40.083022 -40.349253
-3.269982 -34.931446 -34.965220
-3.661955 -49.096624 -49.106504
0.468682 0.247007 0.102952
-0.891376 -1.027593 -0.708243
0.322011 0.038964 0.033390
2.845702 22.988789 23.044544
0.707840 0.203881 0.354655
-2.000728 -8.405293 -8.008734
5.648503 180.273714 180.218782
5.662805 181.674317 181.591166
-1.710993 -4.918860 -5.008928
2.265349 11.973220 11.625333
-3.043750 -28.064341 -28.198554
-5.233405 -143.313871 -143.335279
-2.332321 -13.115879 -12.687179
-1.086468 -1.245329 -1.282480
2.909496 24.634460 24.629380
0.465961 0.375649 0.101169
-5.208484 -141.174451 -141.297357
-5.709950 -186.174844 -186.164528
-6.124313 -229.946214 -229.705882
2.350042 13.047535 12.978568
0.768784 0.684987 0.454373
1.517019 3.319557 3.491186
6.179940 236.162405 236.022205
0.490595 -0.027119 0.118078
-5.347960 -153.053431 -152.955271
1.366025 2.626670 2.549035
-3.352067 -37.788409 -37.665025
5.329694 151.410791 151.393364
-6.118997 -229.095362 -229.108203
3.424793 40.622281 40.170119
5.768204 191.958486 191.920720
0.321485 0.124413 0.033226
3.380927 38.616965 38.646237
-5.154861 -136.961952 -136.977996
-3.418339 -40.080988 -39.943435
5.470558 163.705666 163.717407
3.421081 39.896293 40.039637
3.455900 41.151195 41.274678
0.113600 -0.047005 0.001466
-1.233836 -1.534127 -1.878330
4.475344 89.350759 89.635354
5.020678 126.428341 126.557297
5.163897 137.818861 137.699595
-6.159231 -233.531429 -233.657390
0.635246 -0.009750 0.256345
-0.057195 -0.156095 -0.000187
5.170902 138.260620 138.260767
1.886338 6.755059 6.712105
1.527905 3.860354 3.566884
-0.337226 0.006073 -0.038350
5.291190 147.904936 148.135828
0.959754 0.846599 0.884056
1.827507 5.622520 6.103476
-4.796858 -110.388348 -110.374957
5.066666 130.462933 130.066906
-2.819401 -22.158349 -22.411473
2.271947 11.752332 11.727203
0.909600 0.787137 0.752579
-4.550935 -94.133222 -94.254451
3.789745 54.327407 54.428965
2.710224 19.669788 19.907455
-5.915853 -207.060639 -207.038980
1.864192 6.536084 6.478467
2.040550 8.643590 8.496534
0.288020 -0.222349 0.023893
3.270814 35.213077 34.991886
-0.707988 -0.324653 -0.354877
6.137506 231.501823 231.193552
-2.182954 -9.983981 -10.402411
1.951220 7.260313 7.428805
3.426566 40.509096 40.232529
-1.694970 -4.685553 -4.869519
-4.873083 -115.890849 -115.720790
0.289867 0.351852 0.024355
-4.426189 -86.613951 -86.714113
-6.248223 -243.878686 -243.932417
-1.426737 -2.792480 -2.904236
-4.913240 -118.935055 -118.605290
4.682857 101.955684 102.691072
-5.580343 -174.023684 -173.773124
-4.266345 -77.169337 -77.654709
3.762756 53.046025 53.274352
5.896001 205.118938 204.961672
-0.501170 -0.119686 -0.125880
-2.447648 -14.683443 -14.663820
-5.849313 -199.917405 -200.131138
1.551024 3.878475 3.731259
-3.127413 -30.381480 -30.588339
4.264994 77.733119 77.581005
-3.942062 -61.402215 -61.259060
-0.903921 -0.523911 -0.738569
2.988581 27.100509 26.692854
4.297189 79.673513 79.351184
1.237641 1.987291 1.895765
-5.530375 -169.061897 -169.146821
1.381437 2.625151 2.636292
4.960321 122.139771 122.047659
-4.856588 -114.625054 -114.549687
4.371147 83.337853 83.519185
2.576705 16.683763 17.107805
-2.856496 -23.674651 -23.307776
-5.352060 -153.145289 -153.307351
-3.006154 -27.197821 -27.166493
3.137860 30.937762 30.895901
-2.718803 -19.997691 -20.097100
-4.877789 -116.128648 -116.056409
1.306633 2.129258 2.230802
2.484652 15.270886 15.338993
1.147747 1.771727 1.511953
-4.835798 -112.814084 -113.084876
-0.501679 -0.072284 -0.126263
-4.190684 -73.599618 -73.596073
-5.453785 -162.383104 -162.216138
4.585265 96.197614 96.403601
-1.809298 -5.697380 -5.922843
1.699268 4.794478 4.906656
1.698090 4.844344 4.896455
-0.805980 -0.332745 -0.523568
3.310853 36.291431 36.292728
-1.891345 -6.562265 -6.765697
-3.679889 -49.824585 -49.831512
-6.130135 -230.466977 -230.361644
5.073569 130.401039 130.599294
-0.510542 -0.257017 -0.133074
-5.070896 -130.567113 -130.392942
5.120514 134.412566 134.258162
4.891462 117.072812 117.035079
5.160157 137.455392 137.400666
-4.876414 -115.906184 -115.958273
-3.786200 -54.214622 -54.276367
-0.518630 -0.119179 -0.139500
1.559176 3.770931 3.790403
-5.061402 -129.447537 -129.661904
