-1.576128 -1.013246 -0.999986
3.434107 -0.452590 -0.288361
4.110346 -0.681458 -0.824181
2.037755 1.008001 0.892942
-5.418881 0.739471 0.760644
-2.561743 -0.403688 -0.547898
-5.851355 0.377597 0.418534
-2.536105 -0.545587 -0.569164
-6.096789 0.445136 0.185319
1.317033 0.694309 0.967974
3.614922 -0.389197 -0.455852
-5.445019 0.627860 0.743418
-2.546777 -0.561417 -0.560356
-4.702380 1.401870 0.999950
5.105618 -0.912401 -0.923677
-1.868344 -1.322235 -0.956058
5.604877 -0.570879 -0.627477
-1.351818 -1.154592 -0.976120
-3.824454 0.532557 0.631016
-5.215911 0.814206 0.875889
3.561550 -0.342574 -0.407722
-3.463286 0.155928 0.316173
6.235452 -0.052983 -0.047715
5.900021 -0.235749 -0.373858
5.825604 -0.473233 -0.441779
-5.122162 1.147792 0.917211
-1.372682 -0.934036 -0.980439
3.755973 -0.328690 -0.576452
1.953628 1.189675 0.927610
-4.002764 0.736780 0.758607
-3.336528 0.155171 0.193703
3.568593 -0.420689 -0.414142
-4.279952 0.813670 0.907947
4.022413 -0.644659 -0.771261
-5.797392 0.331170 0.466910
-0.334113 -0.331981 -0.327931
-2.938545 -0.225586 -0.201655
-4.017119 0.879795 0.767881
-4.978566 0.921908 0.964784
3.412999 -0.092798 -0.268086
1.390030 1.190679 0.983706
5.703434 -0.450754 -0.547816
1.263334 1.150066 0.953105
4.558319 -1.059910 -0.988155
-1.139507 -0.963338 -0.908428
-2.834315 -0.252863 -0.302465
-0.096008 -0.318058 -0.095861
-2.361011 -0.729423 -0.703693
2.031819 0.991358 0.895598
3.059449 -0.043633 0.082051
1.071114 0.304382 0.877735
3.030704 0.097000 0.110661
-2.068666 -1.102748 -0.878602
-5.513955 1.023242 0.695582
-4.644503 1.068893 0.997697
5.056505 -1.124363 -0.941374
-6.112753 0.354622 0.169608
-5.077381 1.179238 0.934127
3.032806 0.150656 0.108572
-0.537075 -0.451125 -0.511625
6.218170 -0.026365 -0.064969
-5.749378 0.087182 0.508815
5.336789 -1.043975 -0.811314
5.409085 -0.811297 -0.766966
-2.506411 -0.618988 -0.593324
-5.667616 0.838122 0.577424
-0.106038 -0.346320 -0.105840
1.006827 1.160058 0.845140
3.921624 -0.466262 -0.703302
-1.700770 -1.085510 -0.991565
-3.417489 0.592132 0.272409
2.414963 0.756976 0.664354
3.785940 -0.691782 -0.600677
1.838016 1.311294 0.964509
-0.649603 -0.237687 -0.604870
3.829402 -0.808573 -0.634846
4.342282 -1.353122 -0.932289
-3.521166 0.272802 0.370525
2.024802 0.701513 0.898697
-2.574034 -0.676094 -0.537575
-5.349095 0.953911 0.804059
-3.951896 0.792252 0.724497
-0.340451 -0.197820 -0.333912
6.032404 0.069335 -0.248161
-0.142351 -0.140853 -0.141871
-5.822227 0.390914 0.444807
-0.104607 -0.359460 -0.104417
-5.283657 0.982288 0.841216
-0.908452 -0.933443 -0.788553
0.560585 0.308803 0.531682
-1.547574 -0.948788 -0.999730
-1.491008 -0.864722 -0.996819
-0.470396 -0.317640 -0.453239
2.937952 0.350896 0.202236
4.955763 -1.083950 -0.970531
-0.665003 -0.586743 -0.617062
-6.112196 0.370298 0.170157
6.176522 -0.081440 -0.106461
-3.598154 0.362791 0.440864
-5.195970 1.136000 0.885336
0.238433 0.324200 0.236180
-2.884533 -0.030841 -0.254238
1.634581 1.134479 0.997966
3.991316 -0.483049 -0.751098
5.052019 -0.970601 -0.942878
4.595141 -0.823487 -0.993134
-2.551187 -0.550307 -0.556698
0.720181 0.474866 0.659521
-5.878952 0.577043 0.393314
-0.052361 -0.036350 -0.052337
3.493691 -0.598005 -0.344869
-4.755456 1.000940 0.999073
0.969159 0.792189 0.824410
0.228035 0.198616 0.226064
6.099641 -0.214025 -0.182515
5.041920 -0.698071 -0.946194
4.525265 -0.836747 -0.982543
1.183537 1.214412 0.925947
4.372663 -0.859270 -0.942846
-3.465598 0.236831 0.318366
-0.006745 -0.310759 -0.006745
3.528600 -0.501899 -0.377419
-1.135844 -0.961385 -0.906890
5.744537 -0.684931 -0.512977
-4.317199 0.767948 0.922923
-4.375819 0.941471 0.943893
0.182060 -0.554452 0.181056
1.242333 0.835083 0.946539
-0.004539 0.253201 -0.004539
-6.160406 0.083738 0.122472
-5.846872 0.566227 0.422601
0.901046 0.803881 0.783977
0.471037 0.179548 0.453811
2.602183 0.838465 0.513630
4.377531 -1.023661 -0.944457
0.539637 0.658316 0.513825
-2.424908 -0.701882 -0.656889
-3.201639 0.118010 0.060010
-3.992042 0.794946 0.751577
-0.600629 -0.508693 -0.565161
5.663683 -0.508959 -0.580630
-2.820208 -0.297482 -0.315880
5.886988 -0.417214 -0.385913
-4.956128 1.076578 0.970442
-0.266534 0.036326 -0.263389
3.771227 -0.579759 -0.588849
-5.421973 0.689994 0.758633
-1.199387 -1.242435 -0.931817
-1.741696 -0.739214 -0.985432
-1.350121 -0.853761 -0.975750
3.488395 -0.032095 -0.339892
-0.321038 -0.086532 -0.315551
-0.481220 -0.306676 -0.462861
-1.417452 -1.045061 -0.988266
0.545172 0.547677 0.518565
0.494568 0.325021 0.474652
2.469201 0.438255 0.622859
1.378165 0.903886 0.981504
-2.981742 0.105843 -0.159171
0.886742 0.854700 0.775017
-6.176016 0.163703 0.106964
-0.737478 -0.774027 -0.672423
0.391956 -0.159675 0.381997
-3.814749 0.197113 0.623457
-0.550939 -0.710428 -0.523487
2.338532 0.192745 0.719485
-1.130936 -0.680829 -0.904811
-0.761496 -0.270090 -0.690005
3.947422 -0.441580 -0.721405
0.969866 1.153322 0.824810
-1.740122 -1.141697 -0.985699
4.396580 -1.016983 -0.950545
2.680994 0.310812 0.444484
2.714443 0.470153 0.414279
-5.896406 0.456328 0.377207
4.669370 -0.815169 -0.999075
-5.389871 0.488784 0.779153
5.743393 -0.436249 -0.513958
2.549030 0.706662 0.558489
3.917383 -0.508671 -0.700280
-4.382264 0.859151 0.946002
0.074033 0.381668 0.073966
2.727289 0.262062 0.402552
0.207847 0.510975 0.206354
3.376371 -0.491119 -0.232627
5.923227 -0.456504 -0.352235
-0.534278 -0.466002 -0.509220
-1.066737 -0.874955 -0.875629
-3.251405 0.345330 0.109592
-5.324624 1.131788 0.818366
3.345167 -0.067441 -0.202171
-5.504413 0.652814 0.702406
-3.368991 0.365906 0.225444
-0.685573 -0.566928 -0.633117
2.953168 0.191028 0.187312
6.252113 0.486518 -0.031068
-2.062578 -1.016764 -0.881493
4.812354 -1.073847 -0.995008
-0.485810 -0.936548 -0.466925
3.001808 -0.189201 0.139329
-5.470242 0.665006 0.726313
-5.445957 1.029200 0.742790
-1.520881 -0.822107 -0.998755
-0.401666 -0.222376 -0.390952
-1.186589 -0.974649 -0.927096
4.914679 -0.841677 -0.979609
-4.095155 0.724065 0.815482
-0.415533 -0.410545 -0.403678
4.077523 -0.205877 -0.805151
0.218283 -0.093088 0.216554
-1.513753 -1.126586 -0.998373
-4.246376 1.009751 0.893367
5.950542 -0.247906 -0.326543
6.209441 0.112562 -0.073677
-2.982196 0.186326 -0.158722
-4.579620 0.597300 0.991199
-2.611735 -0.848115 -0.505410
5.768575 -0.423267 -0.492195
3.445169 -0.529122 -0.298935
-3.837907 0.674258 0.641394
2.672055 0.157300 0.452474
-4.718225 1.000281 0.999983
-5.046173 1.194014 0.944809
-0.432714 -0.556359 -0.419336
-4.079024 0.632669 0.806041
0.362616 0.004338 0.354721
1.400139 1.223693 0.985473
-1.223463 -0.645052 -0.940284
5.770837 -0.728636 -0.490225
-6.104491 0.225033 0.177745
-4.372749 0.969241 0.942875
4.105132 -0.513962 -0.821216
3.888322 -0.460056 -0.679242
-5.778496 0.597341 0.483536
0.725766 0.844274 0.663709
-3.449153 0.649025 0.302735
-4.433182 0.834242 0.961274
0.448139 0.638438 0.433289
5.304006 -0.531138 -0.830040
-6.143728 0.213278 0.139006
4.107282 -0.966290 -0.822441
4.760691 -1.469256 -0.998834
1.158684 0.799206 0.916277
2.514858 0.448379 0.586503
-3.094084 0.179729 -0.047490
3.486669 -0.438956 -0.338268
0.328336 0.368037 0.322468
1.927832 0.714246 0.936937
0.941489 0.577125 0.808436
3.310966 -0.255838 -0.168564
-5.863688 0.474633 0.407302
0.242940 0.150655 0.240557
-3.068574 -0.254832 -0.072954
2.854118 0.166183 0.283531
1.925079 0.924964 0.937895
-0.743743 -0.759088 -0.677047
-0.539637 -0.343009 -0.513825
-5.874179 0.305946 0.397698
-4.988236 0.997078 0.962195
-2.386289 -0.673497 -0.685510
2.888062 0.356697 0.250823
4.845500 -0.831776 -0.991154
3.257021 -0.112349 -0.115172
4.687442 -0.864630 -0.999689
-3.539907 0.560457 0.387865
2.745400 0.297099 0.385909
-0.784950 -0.781885 -0.706790
2.644292 0.469070 0.477055
-0.708071 -0.609072 -0.650369
-1.960773 -0.527224 -0.924918
4.265378 -0.920298 -0.901743
2.007071 1.138666 0.906332
0.349162 0.213081 0.342110
3.333676 -0.407961 -0.190904
-4.326863 1.240927 0.926601
4.273288 -0.853146 -0.905134
4.585679 -0.958772 -0.991983
4.376358 -0.933773 -0.944071
3.334837 -0.056071 -0.192044
-1.175749 -0.954358 -0.922978
1.841978 0.592055 0.963455
0.071074 -0.192115 0.071014
0.113953 0.181516 0.113707
4.514864 -1.180066 -0.980555
-2.080360 -0.939700 -0.872958
-5.285306 1.133222 0.840323
0.777700 0.869704 0.701642
-6.234807 -0.093953 0.048360
4.571875 -0.833672 -0.990144
-4.863017 1.245458 0.988677
1.777201 0.941641 0.978774
-1.585383 -0.863846 -0.999894
3.047477 0.177455 0.093977
-1.463291 -1.034685 -0.994227
4.418030 -0.975920 -0.956988
-4.789328 0.927615 0.997042
3.461609 -0.250231 -0.314582
0.888467 0.767780 0.776106
-4.083254 0.952637 0.808537
2.586616 0.639374 0.526924
4.435839 -1.404960 -0.962003
-1.535095 -1.034812 -0.999363
5.438580 -0.661185 -0.747709
0.310445 0.186247 0.305482
4.050102 -0.923065 -0.788588
3.118581 0.063740 0.023010
5.959428 0.058778 -0.318131
-1.736304 -0.882200 -0.986335
-4.203238 0.698632 0.873159
1.481704 1.007818 0.996034
-1.074214 -0.718799 -0.879216
5.550362 -0.089640 -0.668971
-0.908718 -1.270473 -0.788716
-1.198843 -1.343330 -0.931619
2.310731 1.107141 0.738513
6.010170 -0.620852 -0.269636
3.566327 -0.403913 -0.412079
-3.715452 0.833810 0.542877
-5.144691 0.689163 0.908004
-2.345335 -1.002474 -0.714744
1.872038 0.886543 0.954969
1.599117 0.915082 0.999599
1.576973 1.368142 0.999981
-5.372703 0.594339 0.789800
5.118735 -0.894741 -0.918571
2.161089 0.736746 0.830778
1.432088 0.993804 0.990395
4.364339 -0.863034 -0.940039
1.716281 0.997988 0.989436
2.865829 0.376666 0.272281
-4.181914 1.200339 0.862567
5.316452 -1.108415 -0.823035
2.195395 0.733042 0.811198
-1.172547 -1.200005 -0.921741
-2.022372 -0.931486 -0.899761
0.374737 0.312441 0.366028
-5.642537 1.004196 0.597716
-3.329313 -0.024231 0.186620
-4.136692 1.184877 0.838813
-2.119826 -0.920196 -0.853032
3.343125 0.050126 -0.200171
-4.284209 0.975771 0.909723
-4.121450 0.443671 0.830418
2.716811 0.272734 0.412122
-1.037240 -0.731756 -0.861004
-3.357250 0.076748 0.213989
1.216690 0.899075 0.937957
1.660908 1.037813 0.995943
-4.252351 0.862511 0.896036
4.810662 -0.636680 -0.995175
-3.318299 0.216099 0.175788
2.090965 0.559190 0.867735
-2.408889 -0.702755 -0.668882
1.410843 0.716599 0.987235
-4.832022 1.022810 0.992852
0.714441 0.816135 0.655195
0.657584 0.646259 0.611207
0.862783 0.600862 0.759655
-5.175626 0.816622 0.894611
4.316446 -0.751708 -0.922633
0.321011 0.373405 0.315526
-1.527368 -1.185256 -0.999057
4.930861 -1.074947 -0.976230
-4.905106 0.780226 0.981488
-3.316669 0.227071 0.174183
-2.338911 -0.515825 -0.719222
2.793121 0.234673 0.341462
4.200896 -0.685493 -0.872015
2.721694 0.455204 0.407668
-4.286210 1.141593 0.910552
4.695293 -0.941879 -0.999854
-2.979278 0.117852 -0.161603
4.865977 -1.114785 -0.988229
0.533583 0.508351 0.508622
2.562747 0.441142 0.547058
0.012237 0.150378 0.012236
-5.292012 0.689287 0.836669
-6.134403 0.768747 0.148234
0.442394 0.451738 0.428104
-2.131272 -0.907052 -0.847003
1.527961 1.213891 0.999083
5.386268 -0.775753 -0.781407
-3.372141 0.307355 0.228512
2.536485 0.490400 0.568851
-1.285589 -0.751499 -0.959603
1.269521 1.100181 0.954959
-2.538970 -0.495364 -0.566805
0.704130 0.717494 0.647371
-1.428490 -1.129836 -0.989892
-5.813253 0.692936 0.452826
-5.776167 0.243023 0.485573
-3.913266 0.386003 0.697336
-3.836604 0.468435 0.640395
-1.147904 -0.814638 -0.911906
0.217713 0.187109 0.215998
1.798030 0.914177 0.974293
2.631571 0.546539 0.488196
-5.587634 0.591247 0.640809
5.003583 -1.340893 -0.957902
-1.819105 -1.236963 -0.969329
5.429646 -0.655271 -0.753611
-0.245528 -0.313860 -0.243069
-3.259533 0.335327 0.117667
-3.070473 0.045676 -0.071059
-4.313052 1.085530 0.921319
-0.162395 0.056106 -0.161682
0.349785 0.196538 0.342696
4.718982 -1.339721 -0.999978
-6.007686 0.293726 0.272027
-2.739289 -0.134096 -0.391539
5.702216 -0.758038 -0.548835
4.427129 -1.081031 -0.959589
3.441891 0.149402 -0.295805
0.881201 0.850683 0.771503
5.047057 -1.047418 -0.944519
4.033936 -0.603929 -0.778545
2.930270 0.041279 0.209754
5.019200 -0.814347 -0.953302
0.714998 0.529665 0.655616
-4.845436 0.882319 0.991162
0.805983 0.834397 0.721512
4.708618 -0.863762 -0.999993
5.416559 -0.654460 -0.762149
5.932416 -0.183677 -0.343621
-0.542882 -0.803414 -0.516606
3.360139 -0.138620 -0.216811
-0.689674 -0.596293 -0.636286
1.806242 0.598434 0.972411
0.185454 0.076300 0.184393
-3.443413 0.837061 0.297259
-1.339993 -1.019717 -0.973483
4.215709 -0.895704 -0.879169
0.881479 0.476368 0.771680
4.269289 -0.888487 -0.903427
6.269638 0.017070 -0.013547
0.533251 0.208375 0.508336
-3.737697 0.430079 0.561423
1.725972 0.763720 0.987984
-2.965697 0.064296 -0.174990
-5.426332 0.921207 0.755786
-1.464825 -1.034704 -0.994390
-2.891410 -0.462453 -0.247581
4.996651 -1.098875 -0.959869
-3.810993 0.793589 0.620516
-5.263883 0.866560 0.851743
0.170423 0.280041 0.169599
4.696372 -0.978315 -0.999872
-6.268883 -0.216168 0.014302
4.928476 -1.061451 -0.976744
0.502176 0.262998 0.481334
-5.808996 0.238745 0.456618
1.111828 0.891576 0.896510
-3.780684 1.005835 0.596466
5.906616 -0.408873 -0.367733
-0.883938 -0.538234 -0.773242
3.043066 0.273330 0.098367
-3.041069 -0.347927 -0.100355
5.327492 -0.663113 -0.816714
0.623994 0.646199 0.584281
-3.785062 0.419051 0.599975
-0.191341 -0.340713 -0.190176
-5.092452 1.139990 0.928641
-2.076567 -0.812480 -0.874801
-2.773391 -0.527877 -0.359938
2.389440 0.474447 0.683212
-6.162001 0.320328 0.120888
-1.511882 -1.191201 -0.998265
-0.610202 -0.838818 -0.573033
1.955961 0.847783 0.926736
-0.631967 -0.488477 -0.590733
-5.478229 0.864307 0.720800
-2.386462 -0.820616 -0.685384
0.692572 0.395804 0.638519
4.650084 -0.992119 -0.998060
2.790673 0.446082 0.343762
-1.163300 -1.008830 -0.918116
-0.457375 -0.720833 -0.441594
2.669817 0.708923 0.454469
-1.141474 -0.884754 -0.909248
4.520755 -1.105129 -0.981694
0.624999 0.738561 0.585097
2.209461 0.409830 0.802893
3.443525 -0.280999 -0.297365
-0.357884 -0.324092 -0.350293
0.375599 0.660136 0.366830
0.642203 0.222705 0.598961
-5.784342 0.333602 0.478410
-1.139494 -0.573101 -0.908422
-0.697692 -0.927269 -0.642451
1.090344 0.984423 0.886786
2.467419 0.713007 0.624252
1.700016 0.936013 0.991663
-0.457306 -0.260096 -0.441533
1.997912 0.515826 0.910164
1.198190 1.236101 0.931382
-3.739498 0.618214 0.562912
5.783409 -0.606496 -0.479229
-5.117147 0.669616 0.919198
5.249508 -1.104589 -0.859186
-1.956291 -0.845547 -0.926613
-5.446989 0.768715 0.742099
-5.744840 0.234923 0.512716
-2.883396 -0.266413 -0.255338
4.822481 -1.018787 -0.993946
4.645089 -0.923468 -0.997736
-0.204406 -0.024460 -0.202985
1.193159 1.123371 0.929538
0.659413 0.340828 0.612653
-4.574294 0.937855 0.990480
-5.297094 1.110816 0.833875
-3.688544 0.617678 0.520086
-1.115136 -0.993105 -0.897971
0.740121 0.427680 0.674377
-3.873878 0.857002 0.668571
0.884226 0.645260 0.773425
5.529640 -0.462800 -0.684229
4.311951 -0.486368 -0.920890
-5.681088 0.453258 0.566372
-1.659790 -1.351052 -0.996043
5.013047 -0.677143 -0.955142
-5.103436 0.948803 0.924510
-3.475369 0.578285 0.327613
5.217734 -0.880948 -0.875007
1.645092 1.152419 0.997241
-5.706157 0.249855 0.545536
-0.345932 -0.583176 -0.339073
-5.895050 0.263135 0.378463
-5.287315 0.702656 0.839233
-3.646571 0.623920 0.483789
6.256459 -0.234929 -0.026723
-1.000631 -0.937916 -0.841812
2.823787 0.330883 0.312483
-5.146623 0.841241 0.907192
-2.529123 -0.730610 -0.574890
-0.788821 -0.815012 -0.709523
-2.373541 -0.434521 -0.694736
1.998971 1.047811 0.909725
2.101068 0.737674 0.862670
-1.749113 -0.819829 -0.984144
-2.418945 -0.776311 -0.661373
0.483590 0.759195 0.464960
4.966052 -1.076326 -0.968000
2.043941 1.139243 0.890140
2.234340 0.741259 0.787815
1.415233 1.290284 0.987924
0.002655 0.063232 0.002655
0.294544 0.084834 0.290304
-5.064292 1.115799 0.938719
-3.417506 0.517428 0.272425
-4.254490 0.947858 0.896983
-4.805125 1.087560 0.995703
-4.566095 1.073968 0.989318
-2.997918 -0.050418 -0.143181
-4.892651 1.116835 0.983797
5.240095 -0.897950 -0.863964
4.510144 -0.723688 -0.979618
-2.555702 -0.526235 -0.552942
2.579806 0.420971 0.532699
-1.518667 -1.007960 -0.998642
0.754123 0.826664 0.684650
0.496708 0.604074 0.476534
4.977170 -1.272594 -0.965150
-1.722766 -0.993676 -0.988475
1.177807 0.963318 0.923768
1.310731 0.852564 0.966373
-6.102670 0.089040 0.179536
-0.735265 -0.786805 -0.670784
-4.157101 0.662623 0.849749
-1.108512 -0.859720 -0.895036
-2.550283 -0.377914 -0.557449
-1.861141 -1.093000 -0.958145
-1.149469 -0.987028 -0.912547
-5.072844 0.914925 0.935736
0.800640 0.708096 0.717802
0.583172 0.741132 0.550674
3.420501 -0.599385 -0.275306
5.120249 -1.023959 -0.917972
-3.348660 -0.373121 0.205591
1.475165 0.869294 0.995431
0.993529 0.691016 0.837957
0.087767 0.017398 0.087655
4.890081 -1.146383 -0.984254
2.492970 0.964378 0.604089
0.479541 0.433306 0.461372
5.267721 -1.048564 -0.849725
-6.077662 0.249631 0.204079
-5.979580 0.280636 0.298963
3.428436 -0.635612 -0.282926
-5.113962 1.127398 0.920447
-1.090103 -0.870266 -0.886675
1.786496 0.875884 0.976827
5.088739 -0.420983 -0.930012
4.403151 -0.923980 -0.952566
4.681839 -1.078007 -0.999533
1.574743 0.853512 0.999992
0.161998 0.441479 0.161291
-1.399674 -0.822127 -0.985394
-4.919392 0.752678 0.978651
0.553896 0.510839 0.526005
1.061543 0.575659 0.873109
5.777102 -0.411977 -0.484755
5.486647 -0.516025 -0.714940
5.345408 -0.967986 -0.806245
-5.367995 0.715071 0.792679
-3.119727 -0.008764 -0.021864
1.766202 0.930131 0.980969
2.316955 0.529970 0.734302
1.019175 0.592435 0.851676
-3.772730 0.512996 0.590063
-5.976333 0.580746 0.302059
2.789894 0.083529 0.344493
5.905316 -0.380599 -0.368940
0.836243 1.161827 0.742130
0.593698 0.137969 0.559430
0.408749 0.209922 0.397461
1.834582 0.811239 0.965410
3.651978 -0.058916 -0.488513
1.757575 0.959981 0.982608
-6.230013 0.159585 0.053147
-3.075102 0.009707 -0.066441
-2.541015 -0.671612 -0.565119
-1.745593 -0.571490 -0.984762
-5.886872 0.708033 0.386020
3.840508 -0.454922 -0.643388
-2.851098 -0.283169 -0.286426
2.150946 0.899736 0.836380
5.266622 -1.150986 -0.850304
-5.015062 0.735087 0.954543
-4.919299 0.989945 0.978670
-5.426003 0.764872 0.756001
-0.649171 -0.469725 -0.604527
2.815415 0.571011 0.320425
3.295503 -0.149342 -0.153303
-0.705603 -0.456040 -0.648493
-3.079592 -0.554156 -0.061961
-5.591294 0.589115 0.637995
5.992169 -0.293806 -0.286926
2.487945 0.506084 0.608086
1.521123 0.778599 0.998767
-2.705948 -0.734033 -0.421995
-1.473072 -0.979663 -0.995229
-5.453846 0.289769 0.737485
4.643389 -0.937444 -0.997620
-4.899100 0.863191 0.982620
-0.665318 -0.487158 -0.617310
3.258902 -0.351162 -0.117040
-1.239048 -0.732459 -0.945474
1.730402 1.037717 0.987290
-2.127185 -0.744645 -0.849168
-6.188200 -0.099429 0.094843
-3.346616 0.368213 0.203590
-4.502675 0.809277 0.978090
3.731552 -0.247296 -0.556327
3.332680 -0.178459 -0.189926
5.801181 -0.437181 -0.463556
-0.037980 0.311296 -0.037971
1.289011 0.796615 0.960561
3.717136 -0.704957 -0.544291
3.488875 -0.623734 -0.340343
-2.877059 -0.527552 -0.261459
1.888201 0.833015 0.950049
0.114669 0.181926 0.114418
3.422930 -0.287290 -0.277641
1.928959 1.447297 0.936543
-0.993471 -0.936821 -0.837925
-3.071935 -0.068005 -0.069601
3.399429 -0.202505 -0.254989
4.446037 -0.652310 -0.964738
-4.782126 1.229561 0.997569
-1.349363 -0.709225 -0.975584
4.040473 -0.862268 -0.782630
-5.120326 0.825050 0.917941
-3.543331 0.114318 0.391019
-4.639666 1.141438 0.997357
6.267026 0.120381 -0.016159
0.598605 0.316946 0.563491
-4.603113 0.954917 0.994035
3.266865 -0.285547 -0.124945
3.100457 0.257843 0.041124
5.684319 -0.834615 -0.563706
2.777185 0.409061 0.356396
-2.091618 -0.990540 -0.867410
-4.653458 0.760929 0.998264
-3.975962 0.939914 0.740873
0.559885 0.561176 0.531088
5.987280 -0.123280 -0.291606
4.387441 -0.726583 -0.947667
-1.368396 -1.138531 -0.979587
2.772967 0.457514 0.360334
-4.643353 0.979981 0.997618
5.154278 -0.787198 -0.903945
2.624840 0.679129 0.494059
3.946587 -0.825431 -0.720827
-1.633262 -0.748249 -0.998050
-1.277412 -1.178264 -0.957271
-0.542070 -0.675221 -0.515910
-2.372392 -0.857609 -0.695561
-5.528413 0.621687 0.685123
3.096387 0.264220 0.045190
-0.368823 -0.351656 -0.360517
0.637182 0.537010 0.594933
0.598886 0.461029 0.563722
0.877899 0.766429 0.769398
6.272338 0.003869 -0.010847
-0.998832 -0.908513 -0.840839
2.418255 0.929413 0.661890
5.701998 -0.732665 -0.549017
-2.268738 -0.828202 -0.766167
2.519660 0.860656 0.582607
4.692260 -1.049463 -0.999797
1.118886 0.599743 0.899614
-5.507817 0.803055 0.699979
-4.409384 1.047148 0.954444
4.809969 -0.892305 -0.995243
-0.261540 -0.211583 -0.258569
3.569495 -0.523962 -0.414963
5.650535 -0.644476 -0.591284
4.486558 -0.985848 -0.974608
-1.639254 -1.402943 -0.997658
1.157519 0.726126 0.915809
0.831343 0.695150 0.738837
-2.533498 -0.764432 -0.571305
-1.363626 -1.201606 -0.978617
1.984064 0.951616 0.915813
-3.401266 0.451225 0.256765
0.811296 0.578002 0.725180
-2.592028 -0.537266 -0.522316
-3.421553 0.221607 0.276318
-5.673813 0.525788 0.572353
1.661723 0.970665 0.995869
2.307585 0.734622 0.740630
0.183723 0.308450 0.182691
-3.753515 0.621286 0.574442
-1.971967 -1.006673 -0.920605
-4.859240 0.621281 0.989237
-3.986549 0.915925 0.747942
4.940779 -1.151192 -0.974032
-0.948647 -0.685670 -0.812628
3.629224 -0.501466 -0.468535
2.231563 0.375364 0.789522
2.354200 0.741052 0.708515
-4.413193 1.273972 0.955574
-1.509264 -0.996599 -0.998108
5.869996 -0.546978 -0.401532
-4.954763 1.140829 0.970771
-2.093613 -0.659903 -0.866416
1.635235 1.175046 0.997925
2.067371 0.914381 0.879220
4.704251 -0.845841 -0.999967
-5.592040 0.720122 0.637420
5.006910 -0.955648 -0.956941
-4.429440 0.895793 0.960236
-3.439380 0.224847 0.293406
0.056577 0.090734 0.056546
-4.183933 0.847887 0.863587
-1.840784 -0.794554 -0.963774
0.240067 -0.036028 0.237768
-2.049650 -0.918270 -0.887524
4.936298 -0.563799 -0.975037
0.936606 0.596566 0.805552
-2.483435 -0.662663 -0.611661
-5.480576 0.702233 0.719171
-1.848818 -1.028023 -0.961600
-5.968986 0.113645 0.309055
-5.143777 1.242407 0.908386
-2.933416 0.047980 -0.206676
-1.632780 -1.152701 -0.998080
-4.356128 1.244684 0.937207
4.815534 -0.804570 -0.994685
2.261625 0.779206 0.770718
3.442157 -0.248831 -0.296059
-2.336782 -0.804241 -0.720700
3.461370 -0.458155 -0.314355
5.163189 -0.749721 -0.900099
-1.364682 -1.102540 -0.978833
3.950871 -0.989706 -0.723790
-3.437859 0.625608 0.291951
4.716983 -0.787245 -0.999989
4.662502 -1.173560 -0.998756
0.299605 0.607385 0.295143
-2.574051 -0.531405 -0.537561
2.582274 0.554383 0.530609
-5.031784 0.901328 0.949425
-5.423581 0.717159 0.757584
-3.155663 0.159320 0.014070
5.853403 -0.141814 -0.416673
0.771234 0.518125 0.697021
1.214787 1.064505 0.937295
-0.316229 -0.243915 -0.310985
-2.731799 -0.412175 -0.398421
3.803675 -0.485855 -0.614760
-4.657762 0.898575 0.998508
-2.439582 -0.460772 -0.645754
4.400672 -1.122382 -0.951808
5.917146 -0.321800 -0.357920
-4.476735 1.233994 0.972362
5.909381 -0.698393 -0.365160
-0.363162 -0.734567 -0.355231
6.278856 0.340748 -0.004329
-3.728776 0.747645 0.554019
2.189054 1.075135 0.814889
2.336970 0.555429 0.720569
-0.375353 -0.473611 -0.366601
-0.457219 -0.332159 -0.441455
-5.123616 0.950438 0.916631
-2.292265 -0.594577 -0.750836
5.390583 -0.510595 -0.778707
3.099217 0.083187 0.042363
-1.105350 -1.077845 -0.893622
2.070380 0.934087 0.877782
-0.753121 -0.637278 -0.683919
-1.200893 -1.115518 -0.932362
-0.469762 -0.442654 -0.452674
1.869429 0.982756 0.955740
2.843605 0.213911 0.293597
-3.656903 0.468622 0.492805
-5.014114 0.835390 0.954825
-4.530547 0.737857 0.983512
0.521455 0.404264 0.498142
-3.222150 0.259678 0.080470
-4.495261 0.753438 0.976520
-4.432164 0.646185 0.960993
-2.431277 -0.230140 -0.652073
-0.539880 -0.203199 -0.514033
-0.736763 -0.587540 -0.671894
-3.452711 0.117686 0.306123
4.643537 -1.414472 -0.997631
2.436980 0.903636 0.647739
5.149730 -1.134506 -0.905881
-2.053050 -0.799325 -0.885952
1.676715 1.163201 0.994396
4.744045 -0.930471 -0.999499
3.007017 0.101712 0.134170
3.296650 -0.046534 -0.154437
5.797349 -0.323179 -0.466948
4.225621 -0.872278 -0.883849
-1.231632 -1.032140 -0.943033
-0.785029 -0.494137 -0.706846
-1.630920 -0.782892 -0.998193
0.167450 0.218544 0.166669
-0.844695 -0.766739 -0.747769
2.851854 0.121770 0.285701
1.980191 1.086299 0.917362
-3.160703 0.063828 0.019109
-5.333660 0.832742 0.813139
0.856906 0.927389 0.755821
-4.667229 1.112077 0.998980
4.309664 -0.977678 -0.919996
2.718934 0.215259 0.410187
5.285665 -0.955323 -0.840129
5.646454 -0.759980 -0.594571
-4.803572 0.711637 0.995846
2.744396 0.434753 0.386835
-1.886499 -0.900848 -0.950579
0.794272 1.065257 0.713354
5.997956 0.004936 -0.281378
-2.856622 0.041836 -0.281129
1.117902 1.235422 0.899184
1.473950 1.210441 0.995314
1.286572 1.011972 0.959880
2.563324 0.606817 0.546575
-4.816302 0.996543 0.994606
1.666654 0.782669 0.995409
-4.060546 0.540251 0.794967
-5.011762 0.723968 0.955522
5.163099 -0.772176 -0.900138
-0.171151 -0.271911 -0.170316
-2.355022 -0.682562 -0.707936
-2.156670 -0.718845 -0.833230
2.414506 0.879613 0.664696
5.129934 -1.053959 -0.914087
2.947777 0.362896 0.192605
-3.400374 0.432815 0.255903
-0.001304 -0.092939 -0.001304
0.128909 -0.188818 0.128553
-4.073087 0.577022 0.802512
6.271371 0.068866 -0.011814
-0.503555 -0.645368 -0.482542
0.450508 0.543178 0.435423
-4.743551 0.999572 0.999514
-5.125225 0.571433 0.915987
4.065322 -1.094906 -0.797855
3.503113 -0.428684 -0.353697
-4.024119 0.992235 0.772346
5.596886 -0.795056 -0.633679
1.686979 0.879457 0.993258
-2.492334 -0.959597 -0.604596
-0.702097 -0.560983 -0.645820
-1.841593 -0.952091 -0.963558
-4.428526 1.031226 0.959981
2.992313 0.157194 0.148726
4.143060 -0.913306 -0.842263
-0.008790 -0.059808 -0.008790
3.082917 0.122708 0.058642
-1.657853 -1.161147 -0.996213
4.201752 -0.893254 -0.872434
2.405113 0.834573 0.671684
0.782477 1.179539 0.705038
2.362011 1.029071 0.702982
-1.443753 -0.828266 -0.991941
4.340240 -0.962748 -0.931548
-2.163875 -0.976251 -0.829224
-5.799187 0.390461 0.465322
2.506884 1.028823 0.592943
-2.879903 -0.174887 -0.258713
-1.371590 -0.735258 -0.980224
5.268565 -0.848210 -0.849280
-3.162033 0.034531 0.020439
-2.880256 -0.169443 -0.258372
-0.834795 -0.408809 -0.741159
-3.090756 0.200031 -0.050815
2.136741 0.907629 0.844083
0.769025 0.674913 0.695435
2.300501 0.856307 0.745371
-1.059090 -0.807403 -0.871910
6.024980 -0.015827 -0.255346
-1.756451 -0.532882 -0.982816
2.756618 0.315994 0.375535
-2.354619 -0.867928 -0.708220
-2.455598 -0.746829 -0.633443
3.722470 -0.669861 -0.548757
3.236053 0.497092 -0.094320
-4.225034 0.950698 0.883575
-5.134785 1.220412 0.912109
-5.890211 0.449836 0.382938
5.461945 -0.353611 -0.731991
3.874101 -0.707303 -0.668737
-2.580192 -0.626379 -0.532372
2.264628 0.468658 0.768801
-4.806062 0.905768 0.995616
1.031118 0.900666 0.857874
5.362227 -0.615892 -0.796182
-2.877239 -0.258894 -0.261285
-2.456010 -0.392940 -0.633124
5.582478 -0.530609 -0.644758
3.768242 -0.271227 -0.586434
-4.303543 0.828912 0.917580
-0.121098 0.074216 -0.120802
-2.756668 -0.394763 -0.375489
-4.390899 1.075665 0.948766
-1.959435 -0.758198 -0.925426
4.803225 -1.042397 -0.995877
2.602270 0.375268 0.513555
5.755427 -0.326926 -0.503598
-5.702600 0.413074 0.548513
0.969188 1.016585 0.824426
-2.466395 -0.731334 -0.625052
-0.986619 -0.783486 -0.834166
-6.155012 0.010217 0.127822
1.227173 0.908225 0.941540
3.733377 -0.423767 -0.557843
0.299548 0.129120 0.295088
-2.191000 -0.744113 -0.813760
4.474085 -1.136549 -0.971740
-4.649438 0.874166 0.998019
4.562653 -1.117267 -0.988811
1.890531 0.953624 0.949319
-2.579720 -0.482793 -0.532772
-5.439903 0.744158 0.746830
-5.942626 0.560293 0.334014
-1.344299 -0.857597 -0.974459
-2.284606 -0.609795 -0.755873
-2.585441 -0.303202 -0.527921
-2.439209 -0.662171 -0.646039
1.856708 1.074942 0.959405
4.328947 -0.731420 -0.927382
-1.326068 -1.219517 -0.970203
-1.772094 -0.929241 -0.979808
-0.737976 -0.238479 -0.672792
3.054364 0.244929 0.087118
-3.317464 0.158054 0.174966
5.073336 -0.948797 -0.935563
-0.912603 -0.723356 -0.791099
3.759945 -0.673171 -0.579693
1.107535 0.958797 0.894600
3.190972 0.262940 -0.049359
-1.674968 -1.261257 -0.994579
6.133640 -0.326592 -0.148989
2.428130 0.883470 0.654456
0.023079 0.077718 0.023077
2.360677 0.619797 0.703930
1.226360 0.704588 0.941266
-3.830614 0.528079 0.635782
-1.968030 -1.078669 -0.922135
-2.936744 -0.348241 -0.203419
6.187204 -0.000581 -0.095834
-3.263909 0.070297 0.122011
4.352190 -1.218482 -0.935827
-2.832444 -0.431394 -0.304248
5.948078 -0.537632 -0.328871
2.779657 0.698587 0.354085
3.357214 0.015463 -0.213954
0.850971 0.709047 0.751921
-0.852767 -0.613359 -0.753104
-4.080873 1.137086 0.807133
-2.480396 -0.693620 -0.614061
1.466959 0.707664 0.994614
0.163736 0.046300 0.163005
4.021922 -0.770727 -0.770948
-5.251447 1.149021 0.858193
