-2.875715 5.280083 5.391236
5.019828 2.878844 2.985948
-1.414649 3.963159 4.048322
2.246032 3.077488 2.939212
-1.356763 4.447211 4.088967
1.696200 2.139025 2.453069
4.173408 3.147485 2.815816
3.088540 4.162271 3.994584
-6.100160 3.919590 3.941995
-4.021734 3.632423 3.569654
0.396074 4.905847 4.991664
0.277994 4.993143 5.216769
-1.150450 4.399282 4.314161
1.955902 2.562004 2.566041
5.728339 4.455266 4.738019
-5.356027 2.534583 2.796259
5.626975 4.117409 4.480074
0.620802 4.424865 4.459093
-2.874469 5.271070 5.390709
4.604181 2.328657 2.553175
-3.795305 4.024536 4.174526
-4.826998 2.497131 2.303178
-5.012940 2.384886 2.368756
-2.160374 4.447193 4.489933
3.241533 3.859150 3.988205
-1.168625 4.271918 4.289906
-3.443596 5.248005 4.982660
-1.469175 3.874208 4.020179
-0.314402 5.445969 5.519703
-1.298053 3.876007 4.140954
0.893157 3.748924 3.731761
-1.673338 4.036896 4.006314
-4.578070 2.361060 2.443613
1.364960 2.700946 2.708289
3.085645 3.867179 3.993915
6.260190 5.761687 5.619728
-5.840529 4.037122 3.634464
-4.467892 2.579563 2.588783
-2.658305 5.267566 5.219942
0.684959 4.460486 4.290729
-6.056365 3.859393 3.903642
-5.121721 2.856699 2.467634
-1.206468 4.268944 4.241869
-5.657061 3.281173 3.329641
-1.155496 4.266528 4.307354
1.493416 2.423705 2.554973
6.122981 5.593676 5.491848
-2.945363 5.061451 5.411312
1.720971 2.362691 2.452489
-4.589215 2.775838 2.431669
-2.173225 4.634589 4.509368
3.956748 3.212254 3.131394
4.937941 3.018858 2.846985
-1.624070 3.790165 3.996322
4.653257 2.615845 2.567425
-0.962151 4.511178 4.600983
5.347570 3.991363 3.734971
-5.856477 3.700687 3.658296
-2.149144 4.336183 4.473097
-2.215740 5.055518 4.574763
-3.314720 5.215458 5.188532
5.041977 2.972349 3.027518
2.678105 3.547884 3.635668
4.105269 3.003051 2.907175
0.544053 4.892679 4.652983
-1.743873 4.032211 4.035057
2.896535 3.936775 3.888771
-4.417018 2.722182 2.671624
-3.405385 5.253058 5.049964
4.703919 2.989614 2.592707
5.570429 4.818054 4.330598
3.061629 4.195905 3.987240
-2.710375 5.067269 5.274342
-5.257837 2.870561 2.642748
1.908560 2.338259 2.526945
1.737100 2.306360 2.453469
5.689508 4.587752 4.641104
1.186184 3.453936 3.024921
5.412693 3.630669 3.907053
-2.939708 5.615662 5.410381
5.894026 4.662007 5.113847
-4.439509 2.939102 2.633826
-2.890800 5.222025 5.397151
0.260654 5.592784 5.245820
-0.455342 6.022526 5.389985
0.032739 5.541511 5.518735
-5.917417 3.992886 3.744149
1.438292 2.667077 2.612585
-5.039173 2.599217 2.388829
2.715540 3.682972 3.687233
-5.321025 3.240180 2.739434
1.367977 2.674931 2.703935
2.718202 3.426775 3.690788
6.057968 5.349284 5.404228
4.099636 3.221636 2.915125
-2.452549 4.687698 4.945441
4.807499 2.699353 2.677827
-4.613276 2.294646 2.407654
-1.794368 3.859241 4.065710
0.436983 4.860536 4.903612
-5.366906 2.884264 2.814328
-3.728000 4.091488 4.348765
-3.409250 4.857569 5.043388
2.155623 2.874396 2.803069
3.744601 3.385205 3.469576
-4.467301 2.467664 2.589689
5.421479 3.578202 3.930527
5.641427 4.825259 4.517752
-6.162922 4.092238 3.986046
0.555957 4.444450 4.623575
1.610291 2.468919 2.474979
1.567668 2.924588 2.497447
2.207271 2.737045 2.879232
5.140038 3.235354 3.229892
-1.430355 3.983747 4.039188
-5.373776 3.143507 2.825829
-3.663019 4.773373 4.510441
-1.752690 4.178705 4.039817
-4.708070 2.484738 2.337012
-5.110824 2.317636 2.455936
5.952648 5.448621 5.228314
3.396081 4.118270 3.900884
-1.464075 4.117471 4.022384
2.491232 3.672263 3.344861
-4.122177 3.284242 3.309909
-3.645051 4.524522 4.553729
-1.568024 3.811762 3.995255
3.640756 3.619522 3.623373
-2.090435 4.427971 4.387737
3.481155 3.701444 3.821383
6.220286 5.252308 5.590745
2.691582 3.941286 3.654560
-2.243523 4.471170 4.618209
-3.034251 5.764735 5.409144
-1.572110 4.150011 3.994960
3.426627 3.647252 3.874719
-5.023655 2.144134 2.376652
-5.851296 3.541530 3.650612
-5.801619 3.378711 3.574187
1.279515 2.973059 2.845764
-3.571217 5.063430 4.723892
-0.153097 5.536511 5.580696
-0.631168 5.197589 5.151811
2.299036 3.152056 3.024273
2.648852 3.571835 3.593476
3.438002 3.762816 3.864279
-2.303292 4.954243 4.712718
-6.277235 3.849274 4.031631
2.329411 2.844372 3.074205
4.341613 2.907905 2.639041
0.935533 3.844031 3.620243
1.559960 2.540540 2.502334
-6.205246 3.994120 4.008224
-4.417237 2.726121 2.671247
-2.461122 4.509677 4.958285
-4.625445 2.294885 2.396437
0.053682 5.701222 5.502550
5.135084 3.375543 3.219003
3.401246 4.031593 3.896654
-5.852914 3.457884 3.653018
-4.648176 2.570122 2.377169
4.880759 2.093395 2.764602
2.213517 2.873061 2.888749
2.445610 3.134072 3.268775
-0.122223 5.461088 5.580503
-4.324269 2.813586 2.845914
3.880536 3.054621 3.253466
2.185053 2.529002 2.845893
-3.139291 5.124594 5.364673
-2.046965 4.660187 4.327982
6.077584 5.484871 5.432422
1.862992 2.541226 2.496628
-1.248625 4.052894 4.192582
4.968608 2.672824 2.896224
5.713753 4.975694 4.701931
3.224431 3.959823 3.992971
-4.946518 2.448750 2.329462
-1.997302 3.881703 4.264077
3.852666 3.204616 3.298346
-4.433500 2.614149 2.643745
3.017729 4.214297 3.969898
5.355488 3.702932 3.755672
2.163127 2.810411 2.813836
0.990495 3.326701 3.478969
3.790173 3.722207 3.398236
0.622645 4.466193 4.454323
5.590061 4.672099 4.382812
4.714238 2.939203 2.599177
-2.332274 4.680261 4.758675
5.522226 4.346875 4.201428
-2.989458 5.600919 5.414226
-4.755283 2.397886 2.316278
-3.535282 4.642950 4.801656
-0.202633 5.568913 5.572831
0.982677 3.455150 3.498789
0.800393 4.319476 3.980535
3.709346 3.491906 3.523389
2.212633 2.958915 2.887398
2.603978 3.601325 3.525921
-0.009453 5.651647 5.545680
5.762472 4.888095 4.820828
-4.752167 2.528445 2.317350
-5.535137 3.164233 3.110063
-5.832732 3.611739 3.622621
-2.900269 5.078797 5.400427
3.704002 3.718146 3.531419
-2.540688 4.990168 5.072651
-2.181211 4.489807 4.521529
5.912272 5.009383 5.150651
4.832620 2.571224 2.705150
-1.309379 4.426612 4.130114
4.776166 2.567101 2.647373
2.478791 3.377351 3.324209
-4.935991 2.378254 2.324807
-3.516308 4.653326 4.841239
1.234235 2.815113 2.929134
1.185129 3.029224 3.027104
-1.760742 3.963198 4.044384
-4.611057 2.461547 2.409767
2.179906 3.086340 2.838290
4.776177 2.400172 2.647383
1.130053 3.207451 3.145531
2.795337 3.495413 3.786682
-0.307447 5.196635 5.524374
-1.220990 4.139519 4.224370
-2.280385 4.378907 4.676397
-1.951747 3.802515 4.210162
-1.778758 4.221883 4.055362
6.132555 5.420531 5.503321
3.218682 3.993728 3.994346
0.502677 4.591480 4.752967
3.956554 2.964930 3.131701
-5.704318 3.290096 3.412431
3.355660 4.034008 3.931166
-5.004831 2.484468 2.363061
-0.792689 4.876787 4.887978
-0.691558 4.985242 5.056425
-2.497157 5.057641 5.011249
0.950460 3.901138 3.581454
6.244040 5.688454 5.608820
3.927348 3.382965 3.178238
4.232413 2.946949 2.745022
3.445023 3.924473 3.857651
0.804524 4.199180 3.969386
-4.817708 2.461783 2.303633
-2.421731 4.872293 4.898616
-1.314303 4.173401 4.125520
-4.180551 2.783691 3.166195
-4.318238 2.835931 2.858210
-4.581135 1.957022 2.440277
3.107327 4.475306 3.998215
-2.400684 4.709526 4.866132
0.129116 5.309754 5.428990
-1.462802 3.860749 4.022948
-3.044309 4.966301 5.406872
1.208571 2.468654 2.979395
-4.686727 2.448998 2.349550
2.795632 3.939470 3.787021
4.478348 2.425584 2.561596
4.674615 2.500417 2.576770
1.443253 2.747573 2.606889
-4.153469 3.200970 3.232063
5.357439 3.707096 3.760784
-3.454601 5.021771 4.962352
-0.966852 4.674607 4.593229
-0.460489 5.501869 5.384085
2.159790 2.610633 2.809034
-3.923377 4.151719 3.832561
5.887421 5.008900 5.100272
-5.929316 3.887846 3.759874
6.255330 5.932065 5.616563
-4.052900 3.048398 3.487734
-2.612934 5.136197 5.166784
-4.457862 2.649455 2.604356
1.307119 2.814549 2.798427
-2.129767 4.422646 4.444404
-1.735487 4.188028 4.030768
-1.191894 4.264073 4.259960
-4.173824 3.271673 3.182417
-0.861737 4.776949 4.770223
5.356948 3.847150 3.759497
0.387816 4.753085 5.008853
-1.017253 4.566055 4.511567
3.500294 4.005700 3.800760
6.171934 5.226950 5.546546
3.084053 4.450477 3.993534
5.696742 4.471139 4.659357
-5.236466 2.506880 2.612025
3.203785 4.160400 3.997376
2.071572 2.606005 2.690708
-4.396498 2.819001 2.707684
-4.490497 2.671654 2.555088
-3.406391 4.841977 5.048257
-2.769966 5.319018 5.326886
3.922477 3.350435 3.186038
0.468451 4.831766 4.832787
-2.799761 5.243998 5.348921
-2.779912 5.296300 5.334567
5.774134 5.293557 4.848556
-0.213076 6.050283 5.569910
3.769633 3.740603 3.430601
5.573268 4.263238 4.338167
4.315642 2.421254 2.660995
4.669100 2.906365 2.574173
0.154939 5.428608 5.398414
4.307358 2.259099 2.668443
4.217217 2.651924 2.762432
0.669000 4.305416 4.333017
-5.616681 2.722934 3.257505
4.464953 2.978838 2.566170
-0.878647 4.518960 4.741400
4.904551 2.433362 2.797357
2.591788 3.065696 3.507044
-1.763941 4.508839 4.046257
4.658704 2.490016 2.569626
-0.014028 5.819325 5.548145
0.331987 4.822439 5.119532
0.450539 4.769305 4.873417
-5.461323 2.997332 2.977482
3.631138 3.302467 3.636796
5.732232 4.736562 4.747582
-2.389224 4.797023 4.848304
-3.238986 5.021356 5.279957
2.896341 3.922384 3.888604
-3.914584 3.836065 3.856206
-0.586222 4.945204 5.219039
-5.898415 3.830997 3.718311
5.528501 4.135116 4.218300
4.602519 2.562825 2.552868
5.538472 4.360518 4.245079
3.655133 4.006843 3.603011
6.160360 5.628298 5.534509
-5.701523 3.276562 3.407598
-3.780643 4.328198 4.212952
1.891064 2.317526 2.514431
0.661507 4.383208 4.352787
5.441524 4.417692 3.984238
-1.387636 4.573957 4.065938
2.689078 3.509610 3.651077
0.271593 5.235939 5.227620
-2.253751 4.702457 4.634305
6.043198 5.602901 5.382019
-0.233191 5.797489 5.563068
-3.070538 5.505607 5.398976
4.262363 3.010124 2.712505
-1.124291 4.202753 4.350332
-3.691464 4.406919 4.440597
1.389764 2.673175 2.673537
-2.768407 5.221152 5.325653
-3.508677 4.906889 4.856859
-2.555999 5.046454 5.093472
5.447944 4.117344 4.001477
0.179432 5.292605 5.366929
0.024535 5.608912 5.524568
-2.589479 5.530599 5.137412
1.289073 2.598617 2.829067
-5.068137 2.580310 2.413848
-0.539863 5.093025 5.284229
5.051340 3.187478 3.045574
-4.581292 2.642515 2.440107
-5.504874 2.933913 3.055411
4.810369 2.666098 2.680819
1.201583 2.928299 2.993441
-0.650639 5.306578 5.121626
-5.055743 2.674377 2.402783
1.555061 2.417143 2.505572
-3.777150 4.441266 4.222071
5.002625 2.671379 2.954797
-2.984997 5.286556 5.414286
0.557427 4.605798 4.619925
0.784746 4.224076 4.022776
2.996902 4.083914 3.959378
-0.707878 5.213779 5.029844
-3.983013 3.891647 3.672582
-3.327271 5.135260 5.171196
-2.067534 4.116861 4.355849
-0.041723 5.221459 5.561165
5.010545 2.662902 2.969014
4.975443 3.073735 2.907665
0.970800 3.484330 3.529086
0.494546 5.198217 4.772180
-2.851647 5.162197 5.380058
5.362553 4.040535 3.774203
0.408709 4.677680 4.964977
-1.141048 3.950855 4.326996
-0.449999 5.384031 5.396030
-5.049170 2.591262 2.397131
4.057821 2.703882 2.975753
5.426975 3.699747 3.945234
-1.334648 4.147857 4.107314
1.891213 2.609192 2.514533
-0.879250 4.813771 4.740373
4.630654 2.581875 2.559615
3.534029 3.908148 3.762160
6.047878 5.313315 5.389147
0.294014 4.975709 5.188973
5.760539 4.913048 4.816205
-4.148400 3.314403 3.244554
-6.233080 3.939873 4.019428
0.988727 3.638616 3.483443
-4.466785 2.430987 2.590483
-4.189751 3.342154 3.144163
-1.995797 3.991748 4.262221
-3.939314 3.730805 3.789716
-0.875396 4.991222 4.746936
-1.862941 4.241551 4.120025
5.259319 2.967244 3.510079
4.851419 2.623933 2.727267
0.945266 3.469817 3.594920
-5.014167 2.315001 2.369638
5.984983 5.315488 5.286565
1.957286 2.324354 2.567296
-6.009961 3.779709 3.856512
5.666212 4.567971 4.581755
5.072937 2.917353 3.088283
-3.409344 5.139799 5.043228
-3.263509 5.643894 5.252864
1.754334 2.592929 2.455687
-1.577482 4.016050 3.994662
-0.114373 5.389330 5.579820
-0.007815 5.556164 5.544775
-3.037266 5.249551 5.408507
-5.085930 2.004336 2.430654
-0.512514 5.674637 5.320429
-3.856430 3.990749 4.012305
5.498991 3.859598 4.138886
3.570958 3.859358 3.716826
-2.809182 5.518800 5.355270
0.870881 3.712081 3.791056
-0.459685 5.588498 5.385012
-0.479357 5.657276 5.361828
4.675924 2.634699 2.577404
4.791309 2.877004 2.661586
0.683196 4.190678 4.295410
-6.010764 3.598419 3.857383
0.189478 5.184382 5.353327
1.093094 3.069244 3.229573
-4.026330 3.558640 3.557514
1.235218 2.760626 2.927252
-5.211184 2.622976 2.577117
5.350287 3.931232 3.742066
-0.791868 4.898683 4.889373
3.532367 3.914091 3.764127
-2.792789 5.537812 5.344029
-6.149287 4.044205 3.977596
-0.753229 4.787865 4.954618
1.579580 2.450273 2.490391
3.414772 3.949189 3.885201
-0.526295 5.438059 5.302410
1.608963 2.193679 2.475563
3.381634 3.628525 3.912285
1.090375 3.464414 3.235889
-4.013490 3.640264 3.591477
4.608717 2.389712 2.554072
3.881385 2.824665 3.252099
-2.868980 5.467020 5.388322
-6.012150 3.702142 3.858880
3.867135 3.110062 3.275053
2.487775 3.429705 3.339131
-5.864121 3.841234 3.669529
-4.232079 3.018528 3.045266
2.703349 3.784855 3.670757
-5.884470 3.552175 3.698800
-2.147251 4.431370 4.470274
1.656921 2.314674 2.459228
1.469674 2.549471 2.578249
0.631672 4.633508 4.430903
3.346164 4.208036 3.937540
-6.228462 4.135910 4.017756
3.108436 4.089673 3.998391
-3.000963 5.365921 5.413702
5.305173 3.602170 3.625462
4.254281 2.880393 2.721038
-1.847008 3.639290 4.106154
-0.715989 4.904651 5.016527
-1.935723 3.838018 4.192373
-3.106345 5.209213 5.383575
-3.692475 4.072330 4.438087
-3.282403 5.356080 5.230337
-1.196093 4.294830 4.254695
-4.595024 2.382950 2.425649
-1.300391 4.048580 4.138686
-5.245563 2.427603 2.624970
5.318015 3.477367 3.658373
-5.007617 2.581961 2.364990
-5.236709 2.315859 2.612368
4.869395 2.258695 2.749738
-2.681302 4.925332 5.244886
-5.663641 3.505300 3.341290
5.286509 3.736124 3.578075
-3.305114 5.501234 5.201386
-3.325440 5.340187 5.173763
2.555790 3.421098 3.450173
-2.429177 4.707110 4.910016
6.271705 5.475228 5.626821
-6.107878 3.934155 3.948116
-3.590486 4.637168 4.680766
-2.843870 5.466615 5.375996
-6.269831 3.930149 4.030064
-4.411528 2.707987 2.681125
3.848982 3.347028 3.304273
-4.984733 2.442600 2.350009
4.359904 2.427293 2.624892
5.002339 3.024759 2.954287
2.584705 3.155108 3.495983
0.863774 3.440451 3.810051
-0.656828 5.336890 5.111912
-4.020024 3.684204 3.574176
-2.811444 5.392905 5.356749
-3.206161 5.437137 5.312388
5.991331 5.188266 5.297571
-1.569259 3.859737 3.995159
3.834595 3.190784 3.327385
-4.629343 2.269795 2.392976
-4.218874 3.064841 3.075667
4.707371 2.740321 2.594821
0.367203 4.896828 5.050861
-0.458176 5.284944 5.386746
0.946124 3.372587 3.592693
-1.586722 3.843718 3.994386
-4.176144 3.060792 3.176812
6.107559 5.761266 5.472585
5.964798 5.343077 5.250625
3.126307 3.786086 4.000629
-2.328100 4.859454 4.752062
-2.051494 4.368285 4.334052
2.881437 4.227659 3.875416
0.672443 4.523791 4.323913
5.431665 4.147579 3.957798
-6.207212 4.053148 4.009104
3.566260 3.757990 3.722764
0.080613 5.764390 5.479015
1.488156 2.800020 2.559928
3.304486 4.088397 3.962078
2.132673 2.716810 2.770842
-2.098866 4.282842 4.399692
6.039565 5.196801 5.376430
4.944213 2.902023 2.856774
-4.911454 2.673173 2.315678
4.255453 2.897113 2.719788
-4.216179 3.124368 3.081923
2.759373 3.907600 3.743746
2.450749 3.333686 3.277386
2.548187 3.537273 3.437970
-0.052215 5.851523 5.565243
5.946030 4.894470 5.215952
6.199167 5.359856 5.572656
4.990498 2.804476 2.933449
4.333579 2.928393 2.645602
2.315206 3.253545 3.050767
-2.246468 4.589858 4.622839
-3.062302 5.266924 5.401763
0.288916 5.405571 5.197917
-3.557723 4.716023 4.753510
3.025963 4.047083 3.973653
-2.130448 4.230459 4.445405
-4.097216 3.452523 3.373193
1.661941 2.883462 2.458080
5.127530 2.961804 3.202524
3.173149 4.287624 4.001176
5.420630 3.925187 3.928256
5.260320 3.522370 3.512559
1.129841 3.035542 3.146002
-4.090837 3.360803 3.389517
-0.123144 5.720723 5.580566
-3.835538 4.181737 4.068053
-3.989197 3.513997 3.656077
-5.640049 3.448674 3.299374
-3.891594 4.049796 3.918014
4.970597 2.839779 2.899536
-2.481540 4.980052 4.988509
4.435467 2.635298 2.578623
-4.041364 3.485014 3.517942
2.695682 3.475201 3.660235
2.242048 2.762392 2.932951
4.617612 2.748590 2.556079
1.044474 3.224004 3.345076
3.224992 3.917615 3.992830
2.076680 2.746620 2.697066
0.379145 5.174029 5.026683
5.320585 3.673175 3.664988
4.260414 2.690984 2.714546
-3.097190 5.193285 5.388022
4.584017 2.450408 2.550216
2.428596 3.403717 3.240217
-4.348451 2.936053 2.797746
-3.192934 5.127635 5.324203
0.497652 4.940006 4.764859
5.870564 4.449463 5.065038
-3.865949 4.349082 3.986826
2.756293 3.815376 3.739921
-1.500786 3.954696 4.008510
-5.473615 2.860016 2.999360
-1.357389 4.135257 4.088470
3.054986 4.232023 3.985041
1.241913 2.767405 2.914514
2.084099 2.484821 2.706417
-6.098554 3.874693 3.940697
-3.616212 4.668682 4.621739
-2.156128 4.615846 4.483551
4.234996 2.304645 2.742122
-4.048773 3.621742 3.498526
1.683584 2.536775 2.454343
-4.302653 2.783678 2.890494
0.469788 5.017045 4.829721
-5.982226 3.686737 3.825307
-5.413983 2.951738 2.894422
0.948798 3.684514 3.585759
0.133309 5.349971 5.424210
5.786584 4.662784 4.877819
-2.129166 4.411695 4.443522
-4.554088 2.324032 2.471057
-2.841948 5.044845 5.374959
3.036064 3.632120 3.977944
3.871628 3.297360 3.267816
-0.201613 5.432889 5.573093
3.455641 4.060574 3.847364
-5.712322 3.649962 3.426227
-4.999693 2.145920 2.359580
-5.029069 2.743035 2.380802
4.860134 3.111200 2.738000
1.104798 3.098406 3.202587
0.313775 5.152838 5.153450
0.207077 5.281101 5.328545
-3.785976 3.922652 4.199001
0.207290 5.111316 5.328238
3.173822 4.072975 4.001128
4.366502 2.603911 2.620061
4.472056 2.762144 2.563659
3.677619 3.837016 3.570502
-0.298345 5.024431 5.530222
3.132768 4.076396 4.001162
-4.152939 3.219662 3.233368
-4.627833 2.286078 2.394309
3.844442 3.128457 3.311571
-5.462884 2.624764 2.980254
0.381400 4.769917 5.022067
-4.534311 2.425718 2.495457
-0.569238 5.193069 5.243448
-5.053282 2.710304 2.400649
-3.850872 4.253684 4.027159
6.219006 5.776142 5.589702
-0.449208 5.454064 5.396918
-5.655571 3.478340 3.326999
3.658134 3.726429 3.598719
5.143656 3.061514 3.237888
-2.753663 5.520621 5.313605
5.000674 3.111179 2.951328
3.720726 3.245062 3.506174
4.537710 2.443911 2.549713
-5.763813 3.589338 3.513014
0.514943 4.964361 4.723705
-2.420314 5.282471 4.896441
5.789845 4.955169 4.885424
5.504665 4.141393 4.154167
5.886342 4.964900 5.098042
-5.373447 2.870509 2.825277
1.492752 2.699240 2.555593
-1.114230 4.336872 4.364619
4.252610 2.567194 2.722824
4.644770 2.709102 2.564242
-3.887731 4.070762 3.928392
-1.054724 4.278316 4.452975
-1.713203 4.213006 4.020503
-6.070937 3.899622 3.917079
-2.720040 5.003417 5.283597
1.501607 2.675693 2.547488
1.280430 3.140819 2.844151
-1.517116 3.813801 4.003837
-3.693774 4.649681 4.434860
1.261623 2.845159 2.877876
-3.964676 3.624072 3.721646
-1.391193 4.110558 4.063482
-6.170490 4.272267 3.990463
-0.189084 5.536418 5.575970
-2.351507 4.657895 4.789089
-1.351027 4.374193 4.093579
2.735477 3.319544 3.713481
0.595613 4.396726 4.523782
2.695301 3.377323 3.659710
-1.769118 3.950393 4.049358
-3.811788 4.230553 4.131073
-3.765965 4.048753 4.251180
2.544630 2.992947 3.432241
1.503656 2.651969 2.545660
4.129443 2.730078 2.873711
4.904207 2.798391 2.796869
-3.519682 4.702478 4.834278
-3.288403 5.110109 5.222888
1.965005 2.279959 2.574404
-2.069800 4.747198 4.358965
5.536743 4.157548 4.240439
3.011414 4.045787 3.966862
-3.306177 5.208413 5.199981
-5.804906 3.653014 3.579389
5.475597 4.229950 4.075872
-0.853804 4.776438 4.783763
1.982038 2.443559 2.590754
-1.647798 3.772787 4.000083
-2.013069 4.435332 4.283818
5.254838 3.666477 3.499002
-0.199480 6.030075 5.573627
-4.000889 3.512624 3.624934
2.222692 2.857375 2.902836
0.168466 5.370399 5.381322
5.865499 5.124877 5.054288
-3.533073 4.810250 4.806319
5.441199 3.944175 3.983367
3.170067 3.928035 4.001377
4.592668 2.402563 2.551281
-4.625869 2.017156 2.396057
-5.666540 3.359608 3.346410
3.159361 4.352871 4.001815
1.992462 2.536271 2.601202
-5.246982 2.614249 2.627008
-4.339316 2.581374 2.815727
-0.050290 5.819390 5.564530
1.912765 2.345851 2.530111
-0.407227 5.468324 5.441398
5.435301 4.082323 3.967542
-5.017496 2.279573 2.372062
5.764698 4.573017 4.826145
-5.577553 2.978572 3.186881
3.547464 3.650022 3.746026
-2.215618 4.346229 4.574573
3.291578 4.206627 3.968521
-0.257136 5.647233 5.552869
5.109279 3.137474 3.163368
-2.353486 4.926777 4.792213
-4.475718 2.671493 2.576897
0.220779 5.324955 5.308422
6.188958 5.844662 5.563234
-5.016680 2.241749 2.371464
3.483244 4.103243 3.819179
-5.338369 3.022737 2.767331
1.565564 2.471676 2.498756
0.498735 4.958571 4.762299
4.324402 2.646600 2.653350
2.931629 3.891138 3.917117
-5.522108 2.897065 3.086502
2.390755 3.517074 3.176623
2.820127 3.641668 3.814338
1.766195 2.424688 2.457910
1.350838 2.898075 2.729136
-2.240394 4.384045 4.613294
5.993084 5.400641 5.300586
-1.761926 3.996644 4.045074
-1.538898 4.032182 3.999054
6.022507 5.451975 5.349521
1.611617 2.536632 2.474404
-5.550084 3.228023 3.137128
-4.594648 2.112868 2.426034
-0.511514 5.120414 5.321720
-2.140212 4.603304 4.459813
-5.057164 2.773242 2.404024
3.796201 3.298690 3.388683
2.603925 3.540861 3.525839
-2.282140 4.424125 4.679178
1.306843 2.931053 2.798887
-1.902335 4.179133 4.157410
5.599525 4.635721 4.407871
-0.604609 5.256039 5.191977
-6.128254 4.125754 3.963335
-4.393961 2.806203 2.712244
-2.629959 4.978140 5.187318
-1.322836 3.984187 4.117731
3.549585 3.604309 3.743441
4.445075 2.718216 2.574209
-1.390241 3.864496 4.064135
1.723371 2.506219 2.452567
0.643994 4.341169 4.398766
-3.194412 5.280408 5.322919
1.437196 2.946527 2.613857
-3.116644 5.130928 5.378153
2.332178 3.287879 3.078787
1.199727 2.992247 2.997196
-5.225008 2.799372 2.596004
5.642138 4.715313 4.519600
0.254943 5.232571 5.255149
2.110648 2.861876 2.740962
3.838368 3.278790 3.321329
4.499910 2.596338 2.555682
1.168433 3.035670 3.062092
4.982706 2.965415 2.920004
6.211963 5.729220 5.583842
3.871626 3.373317 3.267819
1.736163 2.637051 2.453383
1.476468 2.369054 2.571349
1.231273 3.391171 2.934827
3.729813 3.102941 3.492318
5.589034 4.342541 4.380088
0.941638 3.422697 3.604346
4.491619 2.842380 2.557743
3.205695 3.599459 3.997031
2.523009 3.247007 3.397145
1.156747 3.140059 3.087063
3.386959 3.588031 3.908157
-2.712758 5.050225 5.276650
-6.273888 4.046248 4.030947
-3.558721 4.785816 4.751336
4.493487 2.679537 2.557255
-3.101198 5.429756 5.386117
2.765007 3.804589 3.750685
0.764658 4.228447 4.076998
4.427497 2.405626 2.582544
4.662408 2.482843 2.571194
4.272478 3.025608 2.702084
2.284460 2.943803 3.000587
4.709515 2.436474 2.596160
-1.744598 3.958645 4.035439
3.094286 3.663339 3.995825
2.207718 3.159220 2.879911
-5.950275 3.916649 3.786688
-6.147082 3.991125 3.976171
-0.073226 5.291254 5.572001
4.538720 2.876870 2.549632
-2.690708 5.176798 5.254676
5.608484 4.685526 4.431519
-0.474071 5.421026 5.368162
-5.919176 3.854076 3.746496
5.456444 4.081708 4.024324
-5.300238 2.516450 2.706731
1.446804 2.363219 2.602873
2.627902 3.660532 3.562336
0.962870 3.904956 3.549432
-3.528927 5.133817 4.815032
5.144497 3.215429 3.239753
2.897000 4.314100 3.889172
-6.282061 4.209465 4.032549
5.939119 5.162324 5.202886
2.504448 3.536174 3.366696
0.217666 5.284300 5.313057
-4.593251 2.280854 2.427471
-6.082698 4.053958 3.927436
-3.170891 5.147806 5.342283
3.492402 3.473599 3.809380
-3.676958 4.101731 4.476410
-0.370879 5.460256 5.475491
1.783870 2.261131 2.462266
-4.719380 2.172102 2.331167
-4.516501 2.612238 2.518779
-6.064866 3.982181 3.911562
4.671478 2.514217 2.575277
4.393607 2.394740 2.601774
2.945491 4.110890 3.927247
-4.287822 3.154275 2.921879
-5.691102 3.295829 3.389497
-1.128971 4.369182 4.343757
-2.034292 4.364538 4.311206
5.598545 4.526637 4.405280
6.082244 5.649679 5.438899
4.790618 2.520390 2.660918
5.210867 3.330853 3.392402
-0.363175 5.481675 5.482164
3.567720 3.641810 3.720923
-5.357044 2.472830 2.797941
3.634676 3.663276 3.631876
3.019569 4.177374 3.970757
-2.814096 5.544596 5.358461
-5.476237 2.861222 3.004039
-5.374037 3.056704 2.826267
3.108174 3.946226 3.998350
1.730322 2.760146 2.452927
3.692290 3.737168 3.548887
-5.824821 3.556992 3.610481
0.932498 3.445433 3.628166
1.115949 2.889601 3.177193
0.677421 4.476556 4.310732
-0.956797 4.496460 4.609840
-0.294814 5.724079 5.532410
5.231627 3.368140 3.442237
-2.288705 4.795207 4.689582
4.304356 2.571848 2.671195
0.166317 5.287110 5.384086
-5.002088 2.214615 2.361190
2.395115 3.624154 3.183946
-2.040522 4.513872 4.319415
-4.947774 2.212817 2.330047
0.300389 5.189737 5.177661
-5.036991 2.081899 2.387065
-0.912495 4.605925 4.683989
-1.623658 3.830319 3.996274
0.605210 4.601908 4.499245
3.170058 4.142365 4.001377
-3.235963 5.156793 5.283128
4.594911 2.640631 2.551607
3.661986 3.895157 3.593187
-1.833782 4.301069 4.095204
4.396131 2.699234 2.600202
2.593337 3.217639 3.509455
-0.692220 4.807050 5.055353
-3.473842 5.202644 4.925885
-4.286043 3.163461 2.925685
2.917427 3.867675 3.906107
3.269417 3.876265 3.978284
6.025130 5.057409 5.353729
1.047802 3.395810 3.337005
-6.118211 3.910490 3.956005
0.406682 4.836275 4.969289
-2.918316 5.509078 5.405726
3.333881 4.003089 3.945357
4.132020 2.613228 2.870208
-0.203339 5.517905 5.572647
0.933232 3.597817 3.626250
-1.837005 3.651981 4.097825
-2.056789 4.383420 4.341196
3.322773 4.202139 3.952006
0.748472 4.232071 4.120634
-4.536992 2.349953 2.492057
-3.539867 4.715907 4.791934
-3.095230 4.988546 5.388928
-0.980548 4.360589 4.570759
-6.067633 3.991316 3.914091
-3.269912 5.217563 5.245390
-5.469726 3.027594 2.992427
1.147334 3.229250 3.107457
1.907524 2.577535 2.526174
1.415346 2.558085 2.640230
-3.540514 4.654161 4.790558
2.538331 2.798692 3.422061
4.057888 3.110981 2.975654
-1.448765 4.028969 4.029536
-4.217392 2.935818 3.079105
2.915167 4.118549 3.904297
-3.138111 5.378381 5.365428
-4.549952 2.554613 2.476029
-1.929375 4.353584 4.185502
0.648102 4.101017 4.388013
-5.949783 3.708969 3.786072
1.670816 2.524678 2.456310
3.355286 3.741844 3.931422
-3.367697 5.198491 5.111277
-1.760926 3.876442 4.044491
-3.355707 5.064932 5.129689
-3.946901 4.014473 3.769335
-5.584054 3.341893 3.198644
1.502632 2.827911 2.546572
-2.754607 5.392301 5.314397
4.282038 2.554779 2.692506
-2.078438 4.389642 4.370923
1.770309 2.414179 2.458813
0.697538 4.597379 4.257243
3.236467 3.545233 3.989722
-4.667678 2.226076 2.362399
-2.351327 5.038000 4.788806
3.571366 3.640953 3.716309
0.217555 5.457200 5.313221
-1.489760 4.020407 4.012188
-6.257696 3.604735 4.027077
2.209051 2.964761 2.881937
-4.981251 1.933439 2.347903
-4.934031 2.348450 2.323989
-5.134438 2.284113 2.481758
6.018699 5.442834 5.343367
3.568952 3.727954 3.719367
2.398399 2.910754 3.189465
0.141967 5.703869 5.414112
-2.309211 4.951515 4.722109
-2.659774 5.089648 5.221577
1.057538 3.029306 3.313527
-2.619088 5.131090 5.174285
-1.358236 4.109585 4.087799
5.700932 4.679469 4.669891
-1.893339 3.999980 4.148494
-4.053317 3.808788 3.486645
3.578542 3.680443 3.707144
-2.067712 4.024503 4.356093
-0.174869 5.746852 5.578468
4.343001 2.404994 2.637929
-0.393836 5.755230 5.454451
0.245591 5.459695 5.270165
2.141419 3.159907 2.782997
2.046924 2.619941 2.660974
2.611218 3.347644 3.537033
-5.599163 3.273909 3.225946
0.087462 5.332926 5.472544
-1.361688 4.417216 4.085089
-0.583569 5.665781 5.222889
2.935504 3.426823 3.920010
-3.393296 4.969612 5.070190
2.068744 2.879999 2.687217
0.156178 5.444873 5.396879
3.871598 3.041719 3.267864
4.072799 2.883735 2.953724
-2.184891 4.227923 4.527154
3.546683 4.065554 3.746975
5.542558 4.384963 4.256044
4.181835 2.569310 2.805195
1.912786 2.414967 2.530127
-2.010247 4.324530 4.280246
0.154206 5.500284 5.399319
0.684586 4.238489 4.291720
-3.203017 5.109862 5.315261
5.396869 4.118972 3.864904
-1.446987 4.163315 4.030418
0.040775 5.268191 5.512745
-1.105647 4.180115 4.376965
0.863749 3.689684 3.810116
3.685963 3.542550 3.558247
0.168958 5.357874 5.380686
