5.781659 1.163031 0.876850
-3.951791 -0.551781 -0.689355
-4.010917 -0.590360 -0.645343
-2.172983 -0.539464 -0.566446
1.782349 -0.266713 -0.209979
-3.696433 -0.681346 -0.849985
-0.241613 0.954796 0.970953
-5.809040 0.916535 0.889683
0.176720 0.890800 0.984426
-1.426070 0.186626 0.144221
-5.468666 0.304877 0.686218
-2.346946 -0.875118 -0.700537
-3.924652 -0.917590 -0.708758
1.476518 0.215628 0.094139
1.348734 0.442317 0.220242
-2.876045 -0.864707 -0.964949
-0.566148 0.646930 0.843973
0.347958 0.931143 0.940071
-4.758308 0.441610 0.045903
3.080090 -1.018799 -0.998109
-0.455429 1.015018 0.898072
2.233612 -0.667175 -0.615339
0.425345 1.118371 0.910897
3.261020 -0.812796 -0.992877
-4.508694 -0.606010 -0.202289
5.841145 0.921499 0.903881
-0.080562 0.979638 0.996757
1.700216 -0.234818 -0.129058
6.274906 1.077023 0.999966
-0.874220 0.642269 0.641595
-1.986078 -0.633268 -0.403448
3.821045 -0.762833 -0.777917
3.079533 -0.986171 -0.998075
-5.234226 0.623948 0.498473
3.446725 -0.975086 -0.953807
3.109473 -0.772165 -0.999484
2.394116 -0.647875 -0.733406
4.043069 -0.502604 -0.620453
4.930732 0.162419 0.216613
-4.170848 -0.327419 -0.515457
3.025553 -1.005196 -0.993275
-5.422467 0.749872 0.651893
-5.520477 0.681553 0.722968
-4.105997 -0.352874 -0.569907
-2.807399 -1.051998 -0.944675
-3.235002 -0.682121 -0.995641
-6.030455 0.643486 0.968233
-2.577249 -1.163834 -0.844940
4.167171 -0.559340 -0.518604
-1.692408 -0.035790 -0.121312
2.336561 -0.682530 -0.693089
-0.024114 0.795745 0.999709
-4.143263 -0.209309 -0.538896
5.537995 0.619776 0.734959
-0.822794 0.804739 0.680176
5.507454 0.789915 0.713909
-5.898696 1.214821 0.926990
5.474791 0.485308 0.690660
-1.398785 -0.103334 0.171164
1.536735 0.098794 0.034054
-0.032391 1.175844 0.999475
1.775604 0.106028 -0.203379
6.044496 0.993360 0.971649
3.108522 -1.114954 -0.999453
-0.868660 0.579617 0.645850
-6.167219 1.096818 0.993283
-0.514023 0.768591 0.870774
6.033394 0.935173 0.968964
-3.910465 -0.820979 -0.718695
-5.075892 0.156210 0.355550
5.269830 0.767559 0.529016
0.305496 0.624730 0.953698
-4.489475 -0.412702 -0.221072
-1.383209 0.514567 0.186489
-4.431198 -0.198741 -0.277500
3.995201 -0.935766 -0.657268
3.402325 -0.699806 -0.966201
-2.764064 -1.119527 -0.929578
-2.598662 -0.881614 -0.856198
-4.452925 0.067244 -0.256563
-6.088921 1.086455 0.981190
2.042021 -0.090773 -0.453978
2.794213 -0.980146 -0.940268
-4.856509 0.331115 0.143621
-5.530438 0.583246 0.729814
0.493412 0.864693 0.880722
-5.757554 1.178952 0.865007
-5.899344 0.734973 0.927233
-3.508529 -1.120266 -0.933431
-3.398302 -0.723698 -0.967231
0.182157 1.094603 0.983455
1.659453 -0.395232 -0.088541
1.271071 0.648004 0.295258
-6.071556 1.017744 0.977690
-1.224963 0.400184 0.338981
0.021336 1.085513 0.999772
4.103611 -0.813537 -0.571865
-2.432190 -0.565616 -0.758751
6.116997 0.682717 0.986223
1.677867 0.122159 -0.106867
2.539548 -1.016622 -0.824179
-3.444932 -1.057668 -0.954344
4.533520 -0.347297 -0.177917
-3.843053 -0.575778 -0.763901
-4.178701 -0.222101 -0.508712
0.556299 0.461603 0.849215
0.571738 0.659601 0.840962
-3.642556 -0.910179 -0.877120
-3.277344 -1.536884 -0.990800
2.556250 -0.854906 -0.833523
3.416983 -0.968251 -0.962319
-0.354585 0.865879 0.937791
-1.427122 -0.044019 0.143181
0.928735 0.916191 0.598848
1.207064 0.186727 0.355765
-4.738211 0.264442 0.025819
-4.417731 -0.156081 -0.290412
-3.705401 -0.913322 -0.845226
0.638729 0.998873 0.802854
5.637751 0.981827 0.798838
-1.033051 0.382841 0.512201
-2.661152 -1.328780 -0.886792
4.487539 -0.069711 -0.222961
2.000694 -0.591794 -0.416778
0.705211 1.055630 0.761475
4.357193 -0.506005 -0.347774
5.529928 0.488419 0.729465
5.554873 0.573298 0.746299
-3.912057 -0.781003 -0.717587
-5.834392 0.781250 0.900971
4.218681 -0.177616 -0.473895
-6.024436 1.171186 0.966711
-1.793043 0.162776 -0.220421
2.575593 -0.977242 -0.844053
6.209327 0.934935 0.997274
4.960814 0.125825 0.245877
5.026527 -0.020661 0.308996
4.860725 0.239435 0.147793
4.913543 0.281621 0.199800
-6.200036 1.292521 0.996545
-0.465875 0.813966 0.893429
-4.074421 -0.498602 -0.595565
3.647128 -0.877544 -0.874916
2.038993 -0.503532 -0.451277
-3.775858 -0.935542 -0.805507
-1.607691 0.149958 -0.036887
1.821610 -0.069915 -0.248192
-4.915699 0.278546 0.201912
-5.035623 0.420012 0.317635
-3.078463 -0.824303 -0.998008
2.703135 -0.608590 -0.905408
-0.526069 1.359320 0.864788
2.138264 -0.149665 -0.537499
5.844284 0.969037 0.905219
3.967959 -0.601772 -0.677553
-2.832321 -0.775590 -0.952555
1.976039 -0.306690 -0.394242
3.934557 -0.906382 -0.701736
-4.350359 -0.256450 -0.354173
4.641346 -0.437348 -0.070983
-0.167151 0.917358 0.986063
5.940466 1.271436 0.941844
3.232814 -1.063419 -0.995842
1.602430 -0.358118 -0.031629
1.405590 -0.133749 0.164456
-0.415196 1.232541 0.915037
5.435099 0.891158 0.661420
1.496867 0.290079 0.073862
4.652368 0.242813 -0.059985
-1.830084 -0.549809 -0.256392
5.501264 0.524480 0.709561
-1.330646 0.364361 0.237849
1.710391 -0.071007 -0.139142
-4.806885 0.353457 0.094356
1.271121 0.325405 0.295210
4.999180 0.414627 0.282875
4.262258 -0.804692 -0.435083
-3.701326 -0.774501 -0.847397
4.267914 -0.372058 -0.429984
1.277054 0.185926 0.289536
-1.269102 0.181417 0.297138
-6.116447 0.815248 0.986131
0.299308 0.767656 0.955541
5.781530 0.845426 0.876788
-1.018228 0.380490 0.524875
-5.796769 1.172621 0.884014
-6.110082 1.107635 0.985055
-3.148051 -0.870508 -0.999979
-1.872379 -0.212480 -0.297032
1.303484 0.610512 0.264140
4.311011 -0.269543 -0.390688
1.932565 -0.055859 -0.353929
2.166467 -0.689135 -0.561064
-2.390483 -0.808022 -0.730932
1.302596 0.518821 0.264996
3.105485 -0.790260 -0.999348
4.718727 0.055630 0.006338
3.126732 -1.021671 -0.999890
-1.485981 -0.203912 0.084713
-6.116045 0.908305 0.986065
1.681461 -0.015210 -0.110439
-5.240889 0.555465 0.504238
-2.110172 -0.389063 -0.513601
4.657651 -0.191584 -0.054711
-1.391389 -0.064102 0.178447
0.731191 1.144962 0.744380
-2.833008 -0.991807 -0.952765
-0.408342 0.871153 0.917780
0.662754 0.510274 0.788301
3.100626 -1.114424 -0.999161
-2.876678 -0.548828 -0.965115
-0.274457 0.816938 0.962573
-4.188890 -0.322465 -0.499914
6.130141 0.632787 0.988312
5.554035 0.641452 0.745741
-4.173303 -0.728969 -0.513352
-0.448189 0.820767 0.901233
2.371937 -0.245118 -0.718150
6.087789 0.798940 0.980971
-5.635056 0.710055 0.797214
-3.026800 -1.100545 -0.993419
-0.256262 1.011364 0.967344
0.911594 0.860225 0.612487
5.532195 0.845843 0.731013
6.214026 1.159012 0.997609
1.057352 0.536398 0.491180
1.437670 0.164955 0.132733
-5.237893 0.332115 0.501649
-3.372003 -1.116557 -0.973573
0.189195 1.124893 0.982156
3.952444 -0.541142 -0.688881
-0.473992 0.636421 0.889753
2.987423 -1.202186 -0.988139
0.525300 0.635636 0.865174
-0.939329 0.660513 0.590330
4.281020 -0.283882 -0.418115
1.907651 -0.240911 -0.330521
-5.988956 0.739617 0.957026
1.864772 -0.354139 -0.289760
-3.893035 -0.932392 -0.730705
-5.427346 0.914778 0.655585
-2.148878 -0.383318 -0.546418
-3.477600 -0.963367 -0.944079
-4.359553 -0.447397 -0.345560
2.370060 -0.823615 -0.716843
1.869631 -0.247286 -0.294407
4.836663 0.239110 0.123955
-6.086571 0.844942 0.980734
5.836498 0.997602 0.901883
5.592706 0.598749 0.770941
0.749414 1.003589 0.732088
-2.577928 -1.159725 -0.845303
0.948823 0.703245 0.582640
4.382035 -0.259066 -0.324377
-3.826076 -1.122254 -0.774746
3.455322 -0.835989 -0.951189
-3.966970 -0.953147 -0.678280
-5.477786 0.583200 0.692823
-1.663276 -0.085240 -0.092348
-5.996565 0.859819 0.959205
-5.673452 0.652150 0.819801
2.741789 -1.028008 -0.921137
2.848179 -0.707149 -0.957262
-4.359707 -0.459052 -0.345416
0.010089 0.915858 0.999949
-1.898881 -0.343931 -0.322230
3.592723 -0.674775 -0.899955
4.925644 0.098478 0.211642
-4.362403 -0.381291 -0.342885
5.048106 0.386220 0.329447
-1.954593 -0.496597 -0.374444
4.472040 -0.096953 -0.238042
-4.386606 -0.057732 -0.320050
-3.528633 -0.713069 -0.926030
-5.786143 0.642628 0.878997
5.364430 0.558668 0.606810
-1.811791 -0.260843 -0.238669
1.249953 0.408020 0.315367
-4.655438 -0.338964 -0.056921
-4.929320 -0.337232 0.215234
-1.463779 0.127719 0.106813
3.444484 -0.925017 -0.954478
-1.778514 -0.532312 -0.206227
3.788373 -0.531630 -0.798028
0.641082 0.895698 0.801449
3.824636 -1.001853 -0.775656
-0.180240 1.206986 0.983801
-5.861984 0.995910 0.912598
4.268640 -0.134806 -0.429329
3.843861 -0.769494 -0.763379
6.056239 0.917188 0.974358
-3.177300 -0.942699 -0.999363
-0.488574 0.696841 0.883003
4.272185 -0.298119 -0.426124
5.258781 0.820871 0.519608
0.592358 1.350279 0.829626
-4.784283 -0.057701 0.071832
1.404901 0.025093 0.165135
2.407177 -0.491224 -0.742222
-2.683558 -0.987119 -0.896923
3.682099 -0.746333 -0.857448
2.005062 -0.051635 -0.420744
-6.211597 1.086950 0.997439
-3.085614 -0.759564 -0.998434
-6.030126 0.935381 0.968151
5.000008 -0.023261 0.283670
-5.512667 0.910707 0.717550
1.536841 -0.118385 0.033949
-3.390504 -1.077383 -0.969181
-2.653299 -0.740428 -0.883135
5.452773 0.361926 0.674572
6.206317 1.101262 0.997047
4.342255 -0.395379 -0.361740
2.457621 -0.819349 -0.775069
1.772865 -0.104437 -0.200697
6.170101 0.635509 0.993613
-2.990909 -1.163049 -0.988669
-5.268422 0.740917 0.527821
-0.070944 1.213752 0.997485
-3.430304 -1.115790 -0.958612
3.458834 -0.856329 -0.950100
-6.137794 0.887244 0.989449
-3.652645 -0.737143 -0.872230
3.881282 -0.730208 -0.738678
5.874974 1.042405 0.917832
6.190376 1.044574 0.995696
3.523266 -0.948992 -0.928043
3.444118 -1.009299 -0.954587
3.612311 -1.226538 -0.891243
3.674114 -0.856258 -0.861530
2.994318 -0.963139 -0.989175
1.488640 0.347261 0.082064
0.835323 0.766368 0.670938
3.083340 -0.772137 -0.998304
-5.478115 0.841344 0.693061
0.815611 0.415152 0.685424
-1.887217 -0.157696 -0.311166
-4.732794 -0.087023 0.020403
-0.264773 0.985836 0.965152
6.164510 1.025733 0.992966
-2.364405 -0.709256 -0.712889
4.982230 0.274150 0.266579
5.802688 0.826000 0.886765
-5.181579 0.448628 0.452164
-0.855749 0.611334 0.655653
-1.530855 0.026128 0.039930
1.736935 0.319487 -0.165375
-6.115056 0.632463 0.985899
-0.476017 1.096384 0.888827
2.611155 -1.065910 -0.862586
-0.662436 0.775813 0.788496
0.648262 0.718255 0.797134
0.753055 0.762966 0.729603
-2.398892 -0.818037 -0.736645
-2.623355 -1.109420 -0.868693
-1.747451 -0.342020 -0.175737
3.503384 -1.391610 -0.935264
-1.673713 -0.066713 -0.102735
-0.299078 0.802732 0.955608
1.702973 -0.273564 -0.131792
4.539617 -0.247884 -0.171914
5.607034 1.194791 0.779987
-2.931335 -0.931684 -0.977977
-3.191149 -0.921674 -0.998772
1.539247 -0.293518 0.031545
1.776108 -0.445639 -0.203872
4.415651 -0.485321 -0.292402
-5.361057 0.571938 0.604125
0.498797 0.895210 0.878159
1.303084 0.073895 0.264526
2.776085 -0.985701 -0.933943
-2.199416 -0.618346 -0.588029
-4.539548 -0.444717 -0.171982
3.589020 -1.050966 -0.901563
-5.239064 0.334048 0.502662
-2.771478 -1.022561 -0.932286
3.441198 -0.711728 -0.955453
6.189608 0.852553 0.995625
1.065723 0.088208 0.483871
6.262390 0.851245 0.999784
1.685245 0.048511 -0.114199
-0.502963 1.032575 0.876158
-0.305188 1.075512 0.953790
0.063496 0.863755 0.997985
1.758984 -0.474135 -0.187079
-1.628780 0.322895 -0.057951
0.331454 0.753862 0.945570
-4.920906 0.052482 0.207009
-4.203498 -0.436064 -0.487209
4.797219 -0.039025 0.084729
-4.368691 -0.248572 -0.336971
1.585585 -0.001571 -0.014788
3.639977 -0.561635 -0.878356
-2.707619 -1.122531 -0.907302
-2.218188 -0.527114 -0.603108
-2.172200 -0.663876 -0.565800
-2.059793 -0.671737 -0.469741
-2.879968 -0.578548 -0.965971
-3.540354 -1.182127 -0.921543
2.767871 -0.567611 -0.930975
-3.753740 -1.080889 -0.818416
5.016270 0.555144 0.299226
5.569111 0.979598 0.755700
5.235771 0.593008 0.499812
5.002619 0.469630 0.286172
4.382447 -0.272368 -0.323988
-5.564919 0.849591 0.752948
-3.985500 -0.806807 -0.664548
-3.329490 -1.126158 -0.982399
1.273884 0.452677 0.292569
3.199182 -0.957792 -0.998342
2.557699 -0.960947 -0.834322
-2.409464 -0.346051 -0.743754
-2.401090 -0.767752 -0.738129
-5.344869 0.739337 0.591147
-4.020119 -0.628134 -0.638287
-1.933626 -0.222132 -0.354921
-5.738339 0.802856 0.855207
5.965505 0.625549 0.949963
-5.336015 0.009646 0.583983
3.625530 -0.940034 -0.885170
-4.138215 -0.682691 -0.543141
-3.300265 -1.119282 -0.987438
1.359723 0.126173 0.209510
-4.893089 0.218842 0.179718
-4.877953 -0.207707 0.164809
-1.801793 -0.273022 -0.228948
-5.943633 0.915924 0.942904
-3.802255 -0.483521 -0.789586
0.344465 1.083371 0.941256
0.854193 0.926034 0.656827
-5.337832 0.455647 0.585457
-4.624847 0.006011 -0.087430
3.490431 -1.248759 -0.939770
3.685145 -0.714463 -0.855877
-2.014080 -0.915686 -0.428908
0.696167 1.100506 0.767306
-4.913144 0.125122 0.199409
2.507602 -1.062714 -0.805670
2.098752 -0.455438 -0.503769
-4.533598 -0.267499 -0.177840
4.087869 -0.391792 -0.584708
-4.785926 0.120594 0.073470
-1.475139 0.020085 0.095511
0.148998 0.867009 0.988920
-3.888348 -0.648930 -0.733897
6.197253 1.197139 0.996310
5.005945 0.443622 0.289358
-0.225074 1.209278 0.974778
2.696061 -1.117121 -0.902382
-5.296793 0.592200 0.551703
-2.753625 -1.146879 -0.925680
-6.161253 0.831560 0.992575
-5.149501 0.393642 0.423324
-2.352818 -0.538570 -0.704715
2.336376 -0.353997 -0.692955
-3.473942 -0.837691 -0.945278
-5.606841 0.837182 0.779866
-2.606034 -0.602861 -0.859984
0.486623 1.030463 0.883917
-2.104667 -0.671690 -0.508869
-5.451693 0.838108 0.673774
3.938077 -0.652981 -0.699224
-4.952343 0.239714 0.237658
5.002162 0.287139 0.285734
0.260593 1.128167 0.966237
-4.668555 -0.079264 -0.043820
-1.999275 -0.563310 -0.415488
-0.651976 0.587703 0.794887
0.982455 0.775556 0.554982
4.954680 -0.143465 0.239927
-2.983516 -0.907714 -0.987532
-2.100014 -0.632197 -0.504858
-2.389383 -0.813372 -0.730181
-1.246720 0.469133 0.318434
2.120145 -0.712293 -0.522132
-1.053987 0.431083 0.494108
2.407248 -0.686169 -0.742270
2.664263 -0.732980 -0.888225
4.547259 -0.036254 -0.164381
-3.746531 -0.641629 -0.822537
-4.715313 0.150920 0.002924
5.188329 0.403782 0.458174
3.675314 -0.834757 -0.860920
-2.444765 -0.922847 -0.766882
4.788360 -0.038501 0.075898
3.993708 -0.333828 -0.658392
-0.537882 0.929652 0.858796
-2.863672 -1.373614 -0.961628
-1.799187 -0.430576 -0.226410
-6.123705 1.250292 0.987310
0.640155 0.763832 0.802003
2.736692 -1.133236 -0.919141
2.576466 -0.648590 -0.844521
-0.358136 0.974780 0.936552
5.539677 0.666977 0.736098
0.188994 1.270024 0.982194
-4.712146 -0.272899 -0.000243
4.442193 -0.249425 -0.266920
-3.399376 -1.275311 -0.966958
-1.925378 -0.016711 -0.347198
1.163713 0.161535 0.395933
5.621965 0.952116 0.789243
-1.577808 -0.016778 -0.007011
4.931114 0.500635 0.216985
4.805987 -0.361475 0.093461
4.964248 0.093646 0.249205
-6.100087 0.657900 0.983284
-2.771529 -0.657786 -0.932304
1.637436 0.316497 -0.066590
4.841900 0.096956 0.129150
-3.193446 -1.105525 -0.998656
-3.960020 -0.719751 -0.683370
-3.330945 -0.811547 -0.982126
5.149581 0.368159 0.423397
1.277881 0.180370 0.288745
-0.886222 0.935662 0.632343
-6.251717 0.657100 0.999505
-0.955060 0.181829 0.577560
-5.715822 1.069532 0.843321
-2.627547 -0.976127 -0.870762
2.116599 -0.654843 -0.519105
0.163552 0.764254 0.986655
-3.953846 -0.552271 -0.687864
-5.393335 0.554927 0.629528
-1.744840 0.164363 -0.173166
-2.221930 -0.413434 -0.606089
-5.914036 0.751771 0.932635
5.347351 0.725646 0.593147
-5.297657 0.333239 0.552423
3.083556 -1.118081 -0.998316
2.945729 -0.963778 -0.980880
6.026221 0.767975 0.967166
-5.014108 0.292169 0.297162
-1.496024 0.049224 0.074702
-5.534607 0.402254 0.732657
-2.042760 -0.389907 -0.454636
-3.688126 -1.051954 -0.854331
3.679040 -0.706364 -0.859018
-5.413336 0.990980 0.644941
-0.272346 0.761716 0.963142
-5.247712 0.315362 0.510119
4.117444 -0.555589 -0.560463
1.260419 0.257126 0.305418
5.528719 0.939354 0.728637
3.554736 -0.774716 -0.915863
1.935161 -0.255647 -0.356356
-4.099483 -0.465383 -0.575247
0.277867 1.028495 0.961643
-5.254306 0.389970 0.515780
-5.821637 0.819965 0.895364
3.079026 -0.709396 -0.998043
-0.142155 0.892383 0.989913
1.297926 -0.175879 0.269497
0.110800 1.205855 0.993868
-5.600048 0.403795 0.775596
-2.816285 -1.047192 -0.947552
-5.849959 0.896472 0.907616
-6.040453 0.923929 0.970685
0.106242 1.007371 0.994362
0.244190 0.624522 0.970333
4.617540 -0.290022 -0.094707
6.262727 0.800528 0.999791
0.716968 1.028083 0.753801
-1.898085 0.031546 -0.321477
5.438463 1.091985 0.663939
-3.033083 -1.156388 -0.994119
3.694719 -0.980303 -0.850886
-4.654958 -0.099652 -0.057400
-4.108559 -0.687599 -0.567799
-4.245403 -0.430630 -0.450197
3.347855 -0.833142 -0.978803
-3.429532 -1.064487 -0.958831
-5.836133 0.950002 0.901725
3.486653 -1.007350 -0.941055
3.735383 -0.927853 -0.828826
-3.216346 -0.804493 -0.997207
-2.951459 -0.937322 -0.981979
-3.085658 -0.755902 -0.998436
0.621326 0.719395 0.813107
1.715101 -0.200099 -0.143804
-3.229240 -1.054870 -0.996161
3.185752 -0.846505 -0.999025
5.818908 1.188277 0.894145
3.414666 -0.736964 -0.962946
5.974021 0.770196 0.952588
2.815637 -1.019069 -0.947345
-0.529856 0.428627 0.862880
-6.131124 1.024440 0.988461
5.752572 1.105339 0.862497
-3.320313 -0.955408 -0.984072
-3.258525 -1.015954 -0.993171
1.386620 -0.011431 0.183137
4.073608 -0.602184 -0.596217
-2.286742 -0.697772 -0.656331
-5.802684 1.046928 0.886763
-1.973926 -0.200835 -0.392299
-2.617937 -0.657598 -0.865997
-4.150301 -0.467836 -0.532954
-5.117450 0.373264 0.394075
-1.642214 -0.017631 -0.071357
-1.470235 0.210795 0.100392
-1.896484 -0.150207 -0.319961
-1.567768 -0.189679 0.003028
2.072528 -0.566811 -0.480945
4.165190 -0.556207 -0.520297
1.681252 0.007686 -0.110231
-2.343765 -0.425815 -0.698264
-2.588300 -0.752749 -0.850799
2.480025 -0.936027 -0.789030
-4.384047 -0.287427 -0.322474
-0.146792 1.168894 0.989245
5.766499 1.141581 0.869461
-4.883661 0.062762 0.170436
3.776202 -0.615099 -0.805303
-2.538063 -0.767136 -0.823338
-1.710943 -0.369175 -0.139688
0.575423 0.708521 0.838962
-4.880952 0.138859 0.167766
2.507452 -0.971784 -0.805581
-2.454425 -0.605805 -0.773046
-1.494968 0.012548 0.075755
5.154774 0.408006 0.428096
-4.739635 -0.019373 0.027243
5.743648 0.710316 0.857947
-2.275321 -0.603798 -0.647672
-5.203625 0.737506 0.471716
-3.190640 -0.917294 -0.998797
-1.434993 0.349315 0.135386
-0.582700 0.882213 0.834980
5.834538 0.982582 0.901035
-3.331607 -1.637042 -0.982002
2.392928 -0.574118 -0.732598
-6.045049 0.938669 0.971779
-4.412208 -0.201893 -0.295694
2.629823 -0.801149 -0.871879
-5.556014 0.642052 0.747058
1.151090 0.301543 0.407492
-6.151562 1.077998 0.991350
-1.876511 -0.365812 -0.300975
-1.024053 0.733866 0.519908
0.117713 0.915112 0.993080
5.767235 0.892484 0.869824
4.465001 -0.113332 -0.244872
1.859250 -0.259554 -0.284471
-2.429831 -0.831750 -0.757212
-4.331446 -0.004789 -0.371796
-1.573630 0.145121 -0.002834
2.150917 -0.500307 -0.548125
0.774969 0.726182 0.714443
1.249194 0.294161 0.316087
2.950635 -0.729484 -0.981823
-3.383676 -0.913228 -0.970841
-3.269806 -0.964229 -0.991792
0.384032 1.126609 0.927162
-4.114729 -0.679165 -0.562710
3.172234 -1.100456 -0.999531
5.513061 0.739709 0.717824
-6.020213 1.096566 0.965622
6.239227 0.708190 0.999034
-2.945638 -0.935787 -0.980862
-3.094029 -0.902095 -0.998869
-1.069505 0.532815 0.480558
-1.074898 0.239646 0.475822
-0.927779 0.351159 0.599613
-1.211146 0.200590 0.351947
-0.314606 1.014031 0.950918
6.014592 0.773409 0.964145
-1.990918 -0.557981 -0.407872
-3.948999 -0.409025 -0.691374
-3.601550 -1.315211 -0.896072
4.046159 -0.924546 -0.618027
-5.486866 0.799486 0.699342
-3.828878 -0.657740 -0.772971
-3.779243 -0.658205 -0.803497
3.174551 -1.191066 -0.999457
1.333145 0.330782 0.235421
-2.440970 -0.767432 -0.764441
3.501180 -1.182095 -0.936042
1.040282 0.448670 0.505977
-4.403781 -0.656904 -0.303733
-2.031152 -0.050645 -0.444267
-0.727390 0.632532 0.746913
-2.558766 -0.865958 -0.834910
0.596635 0.911981 0.827231
-0.418579 1.465200 0.913667
3.874316 -0.549768 -0.743356
-0.428655 1.022628 0.909526
3.615023 -0.744810 -0.890010
6.217631 0.932180 0.997852
-4.442895 -0.306881 -0.266243
-4.791738 -0.122636 0.079266
-4.019967 -0.646667 -0.638403
4.015474 -0.753442 -0.641855
-6.220531 0.860723 0.998038
-6.279151 0.680055 0.999992
-0.701581 0.862025 0.763823
0.042948 0.780114 0.999078
-4.453115 0.117735 -0.256379
-1.798983 0.006962 -0.226211
-0.682108 0.741534 0.776245
2.663926 -0.958341 -0.888070
4.458665 -0.170559 -0.251010
2.214799 -0.561676 -0.600401
-0.895506 0.719734 0.625124
-1.341907 0.383898 0.226896
5.251524 0.567404 0.513394
-3.764950 -0.572017 -0.811923
-0.055816 0.964227 0.998443
3.870594 -0.786705 -0.745840
-1.385060 0.263431 0.184670
-0.063152 0.913867 0.998007
0.283461 1.171562 0.960093
-2.419458 -1.063536 -0.750396
1.221158 -0.061965 0.342558
4.993153 0.453903 0.277089
0.442438 1.211567 0.903711
-4.845893 0.481389 0.133108
1.726194 -0.031376 -0.154773
-0.933450 0.670902 0.595064
-5.325314 0.927256 0.575263
2.265240 -0.657629 -0.639958
-4.398044 -0.602063 -0.309193
5.892188 1.170182 0.924529
6.262304 0.936215 0.999782
2.262432 -0.557623 -0.637798
-0.822097 0.458096 0.680686
4.543298 -0.130103 -0.168287
1.017642 0.668693 0.525374
-4.976155 0.326521 0.260718
0.307856 1.166447 0.952985
-5.345185 0.548935 0.591402
6.240264 1.334921 0.999079
-2.585513 -0.668149 -0.849331
-2.763312 -0.722597 -0.929301
5.390910 0.649269 0.627642
-4.999001 0.049717 0.282704
-0.128743 1.007870 0.991724
-1.626068 -0.333267 -0.055243
-5.865496 1.244463 0.914029
-1.922972 -0.555362 -0.344941
-1.586041 -0.280960 -0.015245
2.595419 -0.672399 -0.854518
1.368426 -0.334851 0.200992
1.188199 0.454665 0.373331
-2.349760 -0.786827 -0.702543
4.890061 0.644051 0.176739
1.568792 -0.421147 0.002005
5.642343 0.914846 0.801592
-1.056351 0.644442 0.492052
-2.296604 -0.833121 -0.663740
-1.361138 0.084072 0.208126
3.839267 -0.759370 -0.766338
5.462018 0.853637 0.681367
0.561250 0.976068 0.846590
-4.022451 -0.460927 -0.636490
-2.750369 -0.927248 -0.924443
2.115127 -0.808360 -0.517846
5.572002 0.734750 0.757590
-2.086928 -0.403493 -0.493520
1.109933 0.221731 0.444722
-3.422856 -1.122114 -0.960706
0.031433 0.976173 0.999506
-2.116537 -0.529225 -0.519052
-5.123910 0.432884 0.400004
-3.203976 -0.989931 -0.998055
-1.859482 -0.349865 -0.284692
2.341427 -0.891276 -0.696588
3.147900 -0.975701 -0.999980
4.874543 -0.087631 0.161444
-4.974105 0.167185 0.258738
2.990161 -1.340793 -0.988556
0.680787 0.565064 0.777078
3.475880 -0.981285 -0.944644
-3.537332 -1.067190 -0.922712
-4.534030 -0.030940 -0.177415
1.020145 0.304701 0.523242
-3.564633 -1.007663 -0.911845
1.069184 0.375227 0.480840
-1.825959 -0.178192 -0.252403
-2.528111 -0.954078 -0.817648
3.233851 -0.763263 -0.995747
1.793137 -0.094004 -0.220513
1.702245 -0.345928 -0.131070
4.738502 -0.239541 0.026110
4.359122 -0.467796 -0.345965
-5.224701 0.516956 0.490193
2.349564 -0.897526 -0.702403
4.142031 -0.876407 -0.539933
3.680055 -0.888834 -0.858498
2.554729 -0.893381 -0.832682
3.320606 -1.117924 -0.984020
-2.737905 -1.122617 -0.919619
1.205778 0.263256 0.356966
4.782944 0.032287 0.070497
5.210328 0.344422 0.477616
-2.684538 -1.099844 -0.897356
5.176644 0.627470 0.447756
-4.022386 -0.569106 -0.636539
2.955853 -1.088925 -0.982800
-5.507068 1.181313 0.713639
0.787887 0.794221 0.705345
-2.602274 -1.001473 -0.858059
5.640001 0.557099 0.800190
1.727329 0.186724 -0.155894
4.341060 -0.428796 -0.362854
1.853876 -0.188652 -0.279314
-3.501790 -1.074810 -0.935827
-3.749966 -0.748105 -0.820579
-3.813655 -0.768585 -0.782539
-4.345404 -0.129627 -0.358803
2.682979 -0.564078 -0.896667
5.085097 0.079918 0.364139
3.244136 -0.899483 -0.994747
3.730016 -0.776549 -0.831817
-4.282998 -0.160209 -0.416317
0.985718 0.715399 0.552264
-0.793866 0.824545 0.701094
2.751769 -1.149976 -0.924976
-1.885759 -0.404682 -0.309781
-2.853113 -1.026585 -0.958678
-1.904346 -0.454874 -0.327399
-1.983448 -0.162400 -0.401039
-0.003237 0.966860 0.999995
-3.979762 -0.286395 -0.668825
3.321173 -0.931737 -0.983919
5.747503 1.128868 0.859920
-3.314139 -0.697302 -0.985151
0.694945 0.704781 0.768089
4.872192 -0.009072 0.159124
4.003971 -0.696234 -0.650633
4.017763 -0.465682 -0.640098
-1.685492 -0.040201 -0.114444
3.901111 -0.441968 -0.725168
-0.129940 1.340084 0.991570
-0.188002 0.762407 0.982380
0.667179 0.791971 0.785570
3.299823 -0.857333 -0.987508
1.983209 0.123752 -0.400821
5.390417 0.456766 0.627258
-2.358651 -0.745882 -0.708842
4.150487 -0.525628 -0.532797
-0.787416 0.675437 0.705679
3.378365 -1.154935 -0.972100
-4.172445 -0.624732 -0.514088
1.873142 -0.484089 -0.297760
-4.203885 -0.577049 -0.486871
1.193920 0.467751 0.368018
4.584957 0.282042 -0.127088
5.617098 0.448869 0.786245
-1.611488 -0.182119 -0.040680
-4.835919 0.051036 0.123217
-5.587404 0.865292 0.767553
-2.041393 -0.368165 -0.453418
-3.815758 -0.898419 -0.781228
-0.678505 0.670071 0.778512
-3.976399 -0.167263 -0.671321
5.690815 1.049038 0.829619
-3.651551 -0.696841 -0.872765
6.054305 1.165791 0.973921
0.521042 0.589127 0.867301
-3.914709 -0.901238 -0.715738
-6.080507 1.071892 0.979531
6.106122 1.171861 0.984365
-1.279586 0.084323 0.287111
-1.931486 -0.149065 -0.352920
-2.366730 -0.503941 -0.714517
-2.602593 -1.303273 -0.858223
4.810851 0.299795 0.098303
-0.196536 0.962657 0.980749
-3.670625 -1.093387 -0.863296
-2.750133 -1.166412 -0.924353
0.252117 1.340219 0.968387
-5.251559 0.448697 0.513424
6.020904 0.821466 0.965801
1.207266 0.392327 0.355576
1.501587 -0.072559 0.069154
-1.924759 -0.548585 -0.346618
0.145063 1.144091 0.989497
-0.373080 0.763161 0.931209
-3.647278 -0.582554 -0.874843
-0.632525 0.647916 0.806538
-2.885403 -0.549034 -0.967363
-5.821654 0.934862 0.895372
-1.846467 -0.229141 -0.272192
-3.068773 -1.065310 -0.997350
4.432146 -0.525642 -0.276589
4.993575 0.306547 0.277496
5.152677 0.399971 0.426200
0.672411 0.996706 0.782322
0.840878 0.546108 0.666809
5.046361 0.361331 0.327798
-4.534527 0.113759 -0.176925
0.486200 1.002821 0.884115
-1.803556 -0.260623 -0.230663
-2.619046 -0.924119 -0.866551
0.287481 0.644723 0.958961
-3.897495 -0.882141 -0.727653
-5.843902 1.145186 0.905057
6.055888 1.060660 0.974279
1.533648 0.033061 0.037140
-3.281948 -1.135809 -0.990166
3.722545 -0.832160 -0.835941
3.021813 -0.550392 -0.992835
-3.189798 -0.841689 -0.998838
1.355736 0.398857 0.213407
-6.006692 0.578080 0.962019
5.378455 0.751416 0.617897
-2.385487 -0.851271 -0.727513
-4.737719 0.063147 0.025328
1.751985 -0.159569 -0.180199
4.399016 -0.400329 -0.308269
1.546950 -0.216427 0.023844
-1.818578 -0.196828 -0.245254
-0.532973 0.971205 0.861301
-5.086197 0.092831 0.365163
2.958979 -0.793371 -0.983372
-2.430828 -0.765601 -0.757864
-3.301873 -1.076369 -0.987183
3.785052 -0.672591 -0.800025
-5.887241 0.709514 0.922633
0.236120 0.614646 0.972253
-5.267996 0.637588 0.527459
-4.671310 -0.105247 -0.041068
-2.080289 -0.435066 -0.487734
-0.420881 0.794003 0.912729
-2.150475 -0.218270 -0.547755
-2.745145 -0.914612 -0.922439
2.710404 -0.517350 -0.908469
-0.707817 0.846956 0.759783
-5.005620 0.087775 0.289047
2.065629 -0.687810 -0.474885
-1.788069 -0.128311 -0.215568
4.319809 -0.494573 -0.382574
-1.293071 0.348048 0.274169
4.659366 -0.287712 -0.052999
4.950886 0.155222 0.236243
-2.430978 -0.778677 -0.757961
-4.179150 -0.385050 -0.508325
6.063854 1.061952 0.976043
3.706621 -0.869420 -0.844574
3.620692 -0.633517 -0.887410
3.373050 -0.998335 -0.973333
-3.455334 -0.860908 -0.951186
-4.783189 -0.008277 0.070741
-2.099453 -0.504043 -0.504374
1.804662 -0.454283 -0.231740
1.608416 -0.070250 -0.037610
6.246391 0.955231 0.999323
1.112848 0.325765 0.442109
-6.091445 1.044810 0.981674
5.377356 0.643203 0.617034
1.467669 -0.103608 0.102945
-0.765593 0.864214 0.720972
-2.346678 -0.846722 -0.700346
4.206558 -0.527785 -0.484534
-1.040820 0.355649 0.505513
-6.068225 1.043930 0.976985
4.671679 -0.175706 -0.040699
-0.250714 1.106704 0.968735
-6.020234 0.842166 0.965627
1.392132 0.250676 0.177715
2.337360 -0.876709 -0.693664
-1.061819 0.747998 0.487284
-4.478425 -0.058788 -0.231836
2.882579 -0.845851 -0.966643
-5.504873 0.577548 0.712099
-4.516963 0.158012 -0.194184
0.916730 0.799649 0.608419
2.188538 -0.491476 -0.579196
-1.445529 -0.029853 0.124940
4.985342 0.283972 0.269577
2.808381 -0.926907 -0.944997
-4.318561 -0.108556 -0.383726
4.247652 -0.591110 -0.448188
-3.609563 -1.096126 -0.892486
-3.301789 -0.865900 -0.987196
3.478849 -1.208587 -0.943666
-2.450633 -1.154963 -0.770635
-1.626136 -0.282382 -0.055311
2.646346 -0.564579 -0.879851
-5.132715 0.578371 0.408058
4.055353 -0.716168 -0.610772
4.705900 0.029254 -0.006489
-2.108557 -0.510976 -0.512214
-4.651326 0.280705 -0.061025
5.573079 0.836805 0.758293
-1.844826 -0.479675 -0.270613
6.126232 1.104299 0.987708
-5.764421 0.744914 0.868432
3.579803 -1.184170 -0.905513
-1.047459 0.475545 0.499773
1.831833 -0.384680 -0.258082
3.930174 -0.189676 -0.704852
1.532212 -0.377665 0.038575
3.443885 -0.711214 -0.954657
-1.588034 0.328748 -0.017237
4.562968 -0.034202 -0.148866
3.892450 -0.908187 -0.731104
-1.376236 0.023749 0.193335
