-0.008952 5.584395 5.545404
-3.747685 4.104723 4.298415
-4.494471 2.510486 2.549368
2.612683 3.174460 3.539271
-0.059225 5.739840 5.567706
-3.444655 4.735792 4.980724
1.095651 3.512061 3.223649
-0.359083 5.240430 5.485628
3.218741 4.206271 3.994333
2.137434 2.608999 2.777438
2.063755 2.710516 2.681107
-2.683869 5.098484 5.247582
0.880131 3.788442 3.766387
1.776938 2.512686 2.460410
-2.887249 5.384204 5.395835
-3.553983 4.637716 4.761631
5.458265 4.154291 4.029223
-4.309598 3.262088 2.876018
0.396073 4.715558 4.991668
1.653876 2.765950 2.459976
-5.966064 3.832182 3.806121
-0.330308 5.566570 5.508370
3.940721 3.016747 3.156874
5.864701 5.191805 5.052588
-4.000508 3.584140 3.625948
-5.848990 3.440705 3.647174
-6.086484 4.121663 3.930675
2.347109 3.454540 3.103585
2.389939 2.787005 3.175252
-1.806334 3.807883 4.074160
0.795880 3.987477 3.992718
-6.005991 3.960464 3.852181
-6.132224 4.253653 3.966140
-4.593518 2.260361 2.427196
0.466673 4.944942 4.836855
-3.736079 4.273695 4.328169
0.218787 5.454090 5.311392
1.997581 2.515916 2.606454
1.390879 2.704917 2.672031
-5.109029 2.657025 2.454046
-3.669309 4.399801 4.495132
5.494463 3.970878 4.126688
-1.782429 4.152818 4.057726
-6.194622 4.086770 4.003237
-5.179497 2.560631 2.535724
-5.078794 2.319278 2.423785
2.287638 2.895940 3.005735
1.536381 2.464611 2.518849
2.150859 2.720544 2.796292
1.477957 2.588870 2.569862
-0.494867 5.007415 5.342816
-2.756738 5.304186 5.316174
1.069010 3.653927 3.286127
-5.725518 3.450820 3.448806
3.677674 3.687981 3.570423
0.484877 5.016027 4.794826
-0.050838 5.736315 5.564734
-2.454290 4.992618 4.948055
-0.926354 4.434584 4.660647
-4.135436 3.066469 3.276711
-3.377086 5.112267 5.096486
0.320944 5.281718 5.140232
-5.719511 3.413304 3.438555
-6.216396 3.796371 4.013037
-2.113393 4.613607 4.420542
1.951481 2.445762 2.562076
-0.411442 5.538083 5.437173
-2.729032 5.457703 5.291959
-1.683181 4.070193 4.009314
5.321834 3.298919 3.668208
4.701670 2.952878 2.591356
5.704232 5.093528 4.678164
-6.250796 4.266489 4.025148
0.061252 5.637465 5.496243
1.370259 2.352229 2.700663
-5.361430 2.786485 2.805211
-0.728623 4.731301 4.995657
-2.313214 4.724780 4.728458
4.415877 2.730211 2.588673
3.837790 2.729573 3.322257
-0.016810 5.223928 5.549601
5.428487 3.858352 3.949283
-0.738676 4.753480 4.978948
-0.859589 4.945213 4.773889
-1.173428 4.460971 4.283620
0.143315 5.146474 5.412513
-0.202565 5.677565 5.572848
-1.250659 3.686782 4.190324
3.960391 3.228847 3.125623
0.317318 5.392929 5.146940
4.625177 2.513699 2.558044
-2.953916 5.293880 5.412483
4.601996 2.561775 2.552774
4.922853 2.789074 2.824038
4.942804 2.840839 2.854562
1.415379 2.850148 2.640190
3.373057 4.133095 3.918752
-0.269195 5.553250 5.546901
6.090669 5.433484 5.450393
4.291204 2.500769 2.683574
6.172067 5.634610 5.546681
-2.867300 5.491409 5.387569
5.013956 2.869040 2.975202
4.863840 2.933431 2.742656
0.371131 5.379743 5.042957
5.700391 4.499627 4.668531
-1.242050 4.371646 4.199962
2.278921 2.972481 2.991640
-0.745016 5.179735 4.968369
-2.764026 5.268298 5.322145
1.264350 2.961438 2.872911
1.746519 2.871548 2.454532
2.071009 2.547861 2.690012
-0.221876 5.665915 5.567113
1.774579 2.630972 2.459822
-0.255019 5.520613 5.553859
4.822747 2.625153 2.694106
-5.091058 2.033655 2.435695
3.435823 3.979401 3.866308
5.337843 3.771067 3.709638
-1.226329 4.212778 4.218072
0.265016 5.193052 5.238615
5.065654 2.822609 3.073717
-5.709073 3.575868 3.420636
-2.819906 5.465269 5.362126
2.243647 2.861805 2.935462
-5.564692 3.130707 3.163591
-5.419596 2.896799 2.904155
0.327100 5.097548 5.128743
-2.508914 4.828955 5.028133
-1.752692 4.012015 4.039817
-0.237862 5.333729 5.561253
4.258653 2.623739 2.716399
-1.246827 3.874320 4.194588
5.072053 3.159965 3.086507
-3.895056 3.735882 3.908711
-2.408337 4.821224 4.877986
1.242116 2.706594 2.914129
1.397436 2.498195 2.663277
5.105066 3.038877 3.154465
2.917296 3.841899 3.906003
2.105892 2.787817 2.734653
-0.631351 4.864248 5.151530
5.055014 2.804690 3.052734
-3.598462 4.628371 4.662640
-1.634544 4.255624 3.997740
3.317778 4.010501 3.954867
2.404729 3.247711 3.200102
5.023844 3.336379 2.993365
3.565246 3.916911 3.724038
3.786893 3.105118 3.403425
4.168004 2.351288 2.822711
4.272627 2.603569 2.701933
3.248018 4.063301 3.986135
0.043146 5.468624 5.510924
-5.719301 3.677936 3.438195
-3.175962 5.274313 5.338302
-3.607355 4.761560 4.642244
3.644183 3.733499 3.618551
1.828071 2.450294 2.478521
-3.784244 4.170907 4.203535
0.634021 4.547855 4.424791
-0.219347 5.465132 5.567948
-1.081517 4.103143 4.412416
-0.979739 4.410107 4.572081
-6.160330 3.805010 3.984488
4.482935 2.380558 2.560187
3.923926 2.953230 3.183716
-4.374017 2.614874 2.748863
0.829478 3.936653 3.902115
4.836627 2.724623 2.709745
3.354260 3.742237 3.932124
-4.106843 3.021044 3.348669
-3.665493 4.338375 4.504428
-1.528550 4.452647 4.001119
1.536152 2.745148 2.519021
-5.193696 2.589708 2.553936
-1.671377 4.012901 4.005756
-4.900829 2.371392 2.312481
-0.155476 5.624938 5.580548
-2.248926 4.772813 4.626706
-3.446798 4.942910 4.976793
-4.295665 2.698401 2.905203
4.683470 2.632635 2.581205
-0.390886 5.389444 5.457250
-1.796505 4.334552 4.067186
-0.989440 4.434921 4.556274
-5.381915 2.651198 2.839542
-3.206063 4.971194 5.312478
-4.270080 3.251909 2.960244
3.646180 3.825563 3.615731
-1.713222 4.126110 4.020511
-0.757720 5.374461 4.947080
0.138618 5.366466 5.418054
-5.110304 2.330319 2.455388
-5.914821 3.531214 3.740672
-6.064506 3.774189 3.911232
5.223097 3.613967 3.421649
0.423118 4.743125 4.933981
-5.368095 2.833503 2.816314
2.629356 3.481217 3.564521
5.987258 5.319060 5.290526
1.584668 2.286386 2.487561
4.465642 2.423801 2.565918
-2.996040 5.744303 5.413992
5.988890 5.301192 5.293356
4.956616 2.998539 2.876561
-4.782746 2.369594 2.308651
0.413200 4.680452 4.955379
-4.253818 2.875943 2.996165
-2.202873 4.486432 4.554812
-1.906585 4.260185 4.161698
-3.735797 4.422543 4.328891
5.852507 4.784661 5.026380
5.983161 5.251632 5.283380
-1.606831 4.033490 3.994821
-0.750684 4.769511 4.958884
-5.896346 3.554302 3.715446
0.663214 4.359294 4.348288
-5.220706 2.495207 2.590074
3.823724 3.189712 3.344807
5.050651 3.223609 3.044235
-1.054064 4.444601 4.453988
5.871675 4.889210 5.067385
6.256292 5.600731 5.617198
-3.268451 4.929002 5.247110
2.094442 2.767568 2.719676
4.163244 2.602407 2.828837
5.327956 3.393697 3.684011
4.988241 2.922923 2.929532
3.469246 3.721464 3.833730
2.347912 3.357734 3.104922
3.042076 4.145691 3.980332
4.935919 3.372410 2.843861
-0.162840 5.777759 5.579939
6.269921 5.568735 5.625759
-2.426753 4.971882 4.906311
0.526407 4.626962 4.696062
-5.418521 2.509587 2.902288
4.285151 2.643376 2.689445
3.932321 3.063741 3.170283
4.299523 2.785049 2.675683
5.187466 3.054275 3.337368
-0.220900 5.791484 5.567438
3.164008 4.021900 4.001674
-3.997444 3.765109 3.634100
-2.739534 4.926844 5.301416
-2.604976 4.882385 5.156955
-4.749302 2.152944 2.318371
-0.782298 4.928396 4.905605
5.723946 4.684189 4.727192
-1.401810 4.282265 4.056396
2.158428 2.728821 2.807081
1.183764 2.727413 3.029934
-0.718482 4.822374 5.012420
2.958626 3.989726 3.936278
-5.488996 3.051599 3.026874
-4.788525 2.375941 2.307459
2.325191 2.871710 3.067228
2.457398 3.188425 3.288516
-1.112297 4.360627 4.367388
-4.880660 2.591813 2.307685
-1.223408 4.094325 4.221508
4.965675 3.322161 2.891366
-0.003169 5.871755 5.542147
-3.020352 5.259922 5.411599
2.194950 2.946378 2.860643
-3.421210 5.259409 5.022704
-4.289683 2.852265 2.917905
1.143859 2.977824 3.115048
-4.979395 2.352453 2.346800
-0.419995 5.489060 5.428431
3.143316 3.861004 4.001718
1.584530 2.752258 2.487636
-4.709305 2.381090 2.336347
3.152498 3.922348 4.001884
-3.030256 5.397943 5.409931
2.519080 3.721411 3.390721
3.237737 3.685587 3.989350
4.416198 2.775423 2.588497
-4.198224 3.141255 3.124037
-0.192565 6.004025 5.575234
1.266589 2.690468 2.868853
0.472126 4.762548 4.824351
4.508568 2.354450 2.553817
-5.644311 3.311267 3.306976
-5.521117 3.010004 3.084711
-2.710144 4.776989 5.274117
0.229005 5.648320 5.295995
-5.145135 2.637272 2.494025
-5.481929 3.077734 3.014215
0.122387 5.793875 5.436511
0.870696 3.735172 3.791549
6.028072 5.510398 5.358419
1.957811 2.594372 2.567773
5.650048 4.309056 4.540108
-1.378903 4.079489 4.072143
4.655040 2.185316 2.568132
1.504569 2.660828 2.544851
-0.562622 5.200834 5.252796
-4.406079 2.731967 2.690662
0.110442 5.598484 5.449404
4.696800 2.482559 2.588503
-1.463986 4.010646 4.022423
5.380940 4.142720 3.822669
3.830945 3.182773 3.333239
4.061101 2.872641 2.970901
-4.761259 1.978651 2.314342
-5.746673 3.352222 3.484532
-2.096149 4.552387 4.395827
-3.470405 4.987187 4.932488
-0.482282 5.466587 5.358293
-2.343999 4.679063 4.777229
3.035588 3.906161 3.977749
1.385618 2.708343 2.679179
-3.216540 5.681230 5.302611
-5.020169 2.263925 2.374037
-3.115184 5.242416 5.378949
-2.299836 4.615565 4.707236
-2.019994 4.396372 4.292654
5.265465 3.536257 3.525336
5.328018 3.615075 3.684170
-5.452512 2.535559 2.961870
2.223764 2.982030 2.904489
1.134751 3.104892 3.135100
-4.138770 2.950573 3.268412
-0.622224 5.245452 5.165473
1.134069 2.719152 3.136612
0.940112 3.455409 3.608316
0.039009 5.369970 5.514084
-4.805646 2.043417 2.304772
5.952425 5.426689 5.227899
-1.005095 4.747457 4.530993
-4.297641 2.711214 2.901029
-1.307232 4.138815 4.132140
-4.520981 2.355108 2.512794
5.985407 5.398652 5.287304
2.539593 3.303597 3.424103
2.594894 3.568038 3.511874
4.348143 2.570907 2.633863
5.557018 4.388157 4.294776
1.631570 2.653836 2.466650
3.906181 3.346348 3.212191
4.203632 3.092625 2.778492
-3.888589 3.777581 3.926089
-1.556682 3.996136 3.996380
-4.329762 2.647113 2.834813
3.876412 3.324271 3.260108
4.052814 3.125175 2.983189
-3.771181 4.422983 4.237624
5.497079 3.843496 4.133736
-4.711822 2.335365 2.335012
4.835193 2.696092 2.708093
6.224808 5.498717 5.594371
2.317069 3.061201 3.053832
6.179640 5.628831 5.554251
3.617644 3.571321 3.655351
-0.258442 5.437407 5.552249
3.000037 4.196025 3.961055
-4.986064 2.297963 2.350826
4.016397 2.956219 3.038246
2.558918 3.980453 3.455177
3.543771 3.800970 3.750503
2.926586 4.242914 3.913280
0.547964 4.810804 4.643350
1.863709 2.555200 2.497047
1.128824 3.044365 3.148268
5.748461 4.948294 4.787127
-4.897703 1.940795 2.311628
-0.732122 4.865058 4.989851
-3.890707 4.291804 3.920397
-3.453033 4.855949 4.965271
2.427885 3.241190 3.239023
4.749947 2.298328 2.625014
3.632742 3.925420 3.634569
-5.482943 2.991612 3.016029
4.305265 2.605142 2.670359
0.281589 5.059155 5.210610
-5.304334 2.618837 2.713108
-2.845379 5.116984 5.376801
1.148812 3.168815 3.104239
4.597255 2.303217 2.551970
5.076335 3.068292 3.095136
-5.556528 2.762924 3.148801
1.387101 2.880774 2.677154
1.867696 2.244297 2.499413
1.795178 2.058551 2.465701
-2.541375 5.105458 5.073595
-2.693297 5.336065 5.257327
3.042548 4.139265 3.980514
5.683748 4.245305 4.626506
-5.690438 3.258742 3.388339
-3.215806 5.343638 5.303317
0.151187 5.182453 5.403024
-5.900245 3.783080 3.720838
4.696854 2.532944 2.588534
-3.986842 3.458559 3.662360
-0.544285 5.252619 5.278212
2.915355 3.850836 3.904448
-6.102387 3.880111 3.943781
0.108672 5.347987 5.451264
2.010350 2.653041 2.619893
1.948860 2.377082 2.559755
4.517744 2.676432 2.552161
-4.104253 3.384107 3.355252
4.768851 2.398758 2.640847
2.738836 3.697165 3.717815
0.473535 4.858337 4.821108
1.855776 2.941228 2.492515
-4.799842 1.981381 2.305542
3.633154 3.790649 3.633996
-5.293781 2.373909 2.696744
-2.060394 4.579905 4.346090
-6.020552 3.766976 3.867839
-2.725780 5.028223 5.288963
-0.639132 5.157577 5.139537
0.194138 5.497689 5.346882
-5.690097 3.215906 3.387745
-1.904706 4.241254 4.159796
2.683980 3.408578 3.643947
-5.493011 3.085541 3.034079
3.805268 3.377388 3.374272
-3.124041 5.346905 5.373986
-0.250218 5.385399 5.556042
4.151165 2.836736 2.844602
-0.457250 5.081517 5.387807
3.883116 3.177842 3.249310
2.404163 3.299319 3.199151
5.918406 5.012365 5.162790
-2.361954 4.631211 4.805560
-2.690322 5.226382 5.254279
0.809258 3.749247 3.956613
-1.549054 4.381680 3.997391
4.368689 2.703413 2.618492
-0.266129 5.440492 5.548470
4.103132 2.963879 2.910184
-6.183720 3.736547 3.997714
-2.459226 5.060123 4.955451
-4.651305 2.235690 2.374690
4.354290 2.663699 2.629117
0.900277 3.870131 3.712895
5.255381 3.721618 3.500342
-2.844486 5.267133 5.376325
2.929589 4.167433 3.915574
-4.080178 3.826944 3.416922
-2.759741 5.167677 5.318655
-4.106144 3.454890 3.350446
0.620409 4.611878 4.460110
-2.982191 5.474678 5.414282
-1.127515 4.315962 4.345798
-1.846699 3.953138 4.105892
-5.441732 2.896981 2.942856
3.837807 3.332312 3.322229
-2.737158 5.076882 5.299306
-1.376198 4.137847 4.074114
4.077423 2.998336 2.946992
-4.847469 2.156169 2.303469
4.902127 2.809511 2.793920
0.358011 5.146932 5.069168
-0.484888 5.288524 5.355122
2.121219 2.812313 2.755170
1.840594 2.761355 2.484490
5.568242 4.101377 4.324764
-3.426903 4.905770 5.012683
1.599054 2.561800 2.480153
5.375826 3.966624 3.809158
-4.259733 3.268812 2.983018
-5.548801 3.141321 3.134804
2.874187 3.700366 3.868759
1.287331 3.071149 2.832086
-3.761295 4.411496 4.263290
-1.536173 4.340832 3.999561
1.955977 2.783689 2.566109
2.272208 3.310948 2.980840
-4.817924 2.372474 2.303618
-4.076162 3.418431 3.427291
-1.613888 4.216514 3.995309
-2.071228 4.443931 4.360933
3.377182 3.795092 3.915671
-6.235708 3.654192 4.020346
-0.323133 5.583633 5.513594
4.377782 2.669703 2.612144
-2.339667 4.916067 4.770378
5.408673 3.923951 3.896328
2.410664 3.453261 3.210080
-0.864081 4.799706 4.766225
-3.997252 3.574823 3.634611
-4.843089 2.266409 2.303258
-1.863130 4.455383 4.120194
-1.117460 4.160435 4.360011
-4.326304 2.778866 2.841791
-0.659308 5.221983 5.108003
5.127774 3.182849 3.203054
4.815398 2.885997 2.686142
-5.570597 3.022085 3.174288
-5.052969 1.950812 2.400379
-1.147608 4.239484 4.318021
4.451563 2.456148 2.571422
3.789067 3.296975 3.399987
-1.607035 4.058183 3.994832
-4.272544 2.926937 2.954864
2.874792 4.283365 3.869320
5.419674 3.974571 3.925701
-3.224251 5.276154 5.295061
-4.997826 2.561825 2.358339
-2.976594 5.549927 5.414180
-2.635691 5.234532 5.194076
4.028321 3.079331 3.020041
-4.181845 3.505865 3.163084
-2.826760 5.655273 5.366300
-0.793872 4.680389 4.885969
5.719307 5.223943 4.715718
2.907551 3.881674 3.898080
-1.796107 4.089007 4.066910
4.988706 2.966214 2.930338
0.728724 4.335879 4.173759
2.177615 2.477742 2.834920
1.409132 2.621534 2.648082
-4.580219 2.290708 2.441270
1.059094 3.212888 3.309794
3.283544 4.137218 3.972251
-2.435076 4.670734 4.919010
3.088630 4.201907 3.994604
0.656461 4.059541 4.366070
4.676178 2.385020 2.577528
-0.370627 5.261418 5.475712
-5.372778 2.580862 2.824154
1.120319 3.089983 3.167329
3.682520 3.278259 3.563316
-3.498338 4.912285 4.877740
0.190630 5.092697 5.351742
3.540775 3.372258 3.754112
-3.583093 4.715999 4.697425
-3.760569 4.445101 4.265169
5.471456 3.961645 4.064722
-1.543059 4.455522 3.998329
-4.747933 2.210031 2.318872
5.105694 3.040034 3.155790
0.450031 4.916361 4.874557
-5.205223 2.358282 2.569124
-3.337883 4.992523 5.156066
-1.665308 3.926541 4.004112
1.597858 2.675633 2.480736
2.369431 3.136043 3.140861
-2.506752 5.253460 5.025044
4.526596 2.532372 2.550880
0.229802 5.485992 5.294777
3.032991 4.111920 3.976675
1.465065 2.359320 2.583038
-5.483808 3.321503 3.017578
4.817432 2.743894 2.688324
5.926410 4.836056 5.178448
-3.976375 3.668996 3.690324
-5.117825 2.540206 2.463408
3.025940 3.570583 3.973643
-0.163662 5.799446 5.579858
-2.838370 5.234032 5.372992
4.669774 2.567943 2.574484
-6.096208 3.872165 3.938786
-3.042708 5.498765 5.407262
-5.888155 3.656573 3.703999
-0.944262 5.157325 4.630674
-5.771821 3.640800 3.526167
-5.282272 2.511385 2.679153
4.703632 2.709944 2.592533
-3.580312 4.753177 4.703657
1.281257 2.676359 2.842698
0.348748 4.817771 5.087346
2.153583 3.045473 2.800161
2.082122 2.795604 2.703912
-5.081245 2.473730 2.426125
-3.200061 5.212877 5.317926
1.026778 3.264012 3.388366
2.047450 2.589997 2.661591
-2.304569 4.948792 4.714744
1.471218 2.374820 2.576664
4.513468 2.444876 2.552891
-0.447939 5.135270 5.398339
5.799335 5.005392 4.907410
3.312565 4.273218 3.957764
-1.956304 4.111593 4.215336
-3.036216 5.841047 5.408733
-0.374333 5.263208 5.472435
6.000527 5.106372 5.313262
1.261285 2.793596 2.878493
5.333452 3.672223 3.698241
-4.405228 2.275591 2.692162
3.611008 3.368278 3.664352
-0.645698 4.959951 5.129342
-0.138855 5.580804 5.581099
-1.287203 4.163294 4.151692
2.772183 3.801520 3.759410
-1.964104 4.374231 4.224309
3.231288 4.047467 3.991181
1.752466 2.878082 2.455388
-0.836414 4.941971 4.813459
4.928451 2.690085 2.832452
-3.605049 4.716552 4.647549
3.692207 3.708964 3.549011
5.525786 3.787200 4.211003
6.263588 5.842897 5.621880
4.033852 2.796676 3.011653
3.525330 3.620370 3.772379
-0.043611 5.551980 5.561933
3.312210 3.769931 3.957958
-2.386683 5.180263 4.844340
3.130969 3.657543 4.001028
0.246701 5.377886 5.268399
-4.496636 2.340819 2.546278
4.934192 2.661905 2.841203
0.326097 5.375610 5.130624
-1.608994 3.679235 3.994952
1.715381 2.600388 2.452398
-2.993659 5.332923 5.414097
-2.766055 5.310578 5.323777
-3.531132 4.512498 4.810404
1.056415 3.370183 3.316227
-4.477864 2.930496 2.573677
-3.971046 3.824289 3.704585
-0.465931 5.335803 5.377766
-1.257190 4.284173 4.183146
-0.315839 5.657179 5.518716
-3.294917 5.418658 5.214637
-5.762730 3.689452 3.511227
-5.320973 2.428571 2.739352
-5.381097 3.162620 2.838161
-4.691788 1.951137 2.346399
1.785113 2.619993 2.462619
-5.783396 3.463873 3.544999
-1.462743 4.280208 4.022974
2.578211 3.426140 3.485783
0.671116 4.489769 4.327422
0.691383 4.239287 4.273645
4.018896 3.291912 3.034417
-1.605513 3.682253 3.994749
-2.504296 5.361180 5.021526
-2.591696 5.181180 5.140240
4.184275 2.875260 2.802150
-5.000716 2.375719 2.360265
-5.612078 3.672016 3.249224
6.046695 5.352158 5.387353
-5.927552 3.396422 3.757565
-2.089439 4.451853 4.386333
-1.577413 3.521813 3.994665
5.343593 3.840356 3.724600
-4.428089 2.782339 2.652789
-3.967553 3.611249 3.713938
0.047029 5.391206 5.507893
-1.248449 3.892544 4.192779
-1.942561 4.465945 4.199886
-2.201047 4.344401 4.551992
4.491858 2.571426 2.557680
-3.401613 5.196503 5.056331
-4.677253 2.357365 2.355745
3.625830 3.806910 3.644134
3.922917 3.371082 3.185332
-0.295738 5.596680 5.531842
-0.654785 5.196738 5.115125
-1.228341 3.915449 4.215718
1.388220 2.698511 2.675631
0.840216 3.866618 3.873229
0.017215 5.608206 5.529531
-2.197588 4.752712 4.546656
-5.992012 3.781759 3.836568
-5.797274 3.625781 3.567279
1.014491 3.192124 3.418782
3.759649 3.336929 3.446214
-6.034422 4.089779 3.882167
-0.598339 5.522267 5.201277
-3.917160 4.105794 3.849281
-0.449323 5.055547 5.396789
2.411374 3.076022 3.211273
-2.737563 5.054947 5.299667
3.772390 3.205773 3.426275
-3.688062 4.003180 4.449031
3.303287 4.099813 3.962699
-3.511972 4.786789 4.850136
-5.905411 3.775967 3.727926
6.265759 5.395748 5.623229
-1.155441 4.316278 4.307427
-2.931259 5.408667 5.408755
3.460523 3.750996 3.842530
0.425356 5.293233 4.929115
3.229462 4.285689 3.991674
0.141083 5.277911 5.415157
0.763584 3.788769 4.079894
-5.931242 3.539580 3.762385
1.831697 2.042300 2.480189
-4.392157 2.868149 2.715499
2.600878 3.598442 3.521140
2.449590 3.268072 3.275444
1.321601 2.728899 2.774690
1.550388 2.439274 2.508755
3.666811 3.648519 3.586225
1.903695 2.526171 2.523357
2.592327 4.131903 3.507883
-5.591540 3.549140 3.212179
3.771847 3.226404 3.427127
4.218019 2.523000 2.761499
-1.794800 4.268080 4.066007
4.914936 2.735889 2.812341
-5.341836 2.704229 2.772970
-3.642895 4.776209 4.558878
3.809053 3.338448 3.368242
4.546086 2.314019 2.549161
-6.160032 4.251057 3.984308
-3.326957 5.130261 5.171637
-3.398281 5.140498 5.061913
-0.814356 4.998335 4.851103
1.881207 2.577642 2.507857
2.179078 3.081632 2.837071
0.284786 5.142401 5.205095
5.147605 3.687344 3.246654
-3.321019 4.994597 5.179907
5.334592 3.760069 3.701199
-5.981809 3.655418 3.824821
-6.116668 4.111928 3.954849
4.037453 2.960099 3.006213
1.035385 3.169846 3.367233
-4.968750 2.093990 2.340726
-3.872012 3.876085 3.970578
-4.207236 3.009839 3.102807
1.409786 3.132644 2.647248
-2.522832 5.010646 5.047841
-5.881051 3.383037 3.693947
-6.093069 3.982689 3.936202
-1.758014 3.758136 4.042813
-4.157174 3.076392 3.222967
2.617847 3.627171 3.547138
-1.199649 4.030642 4.250269
-0.039753 5.519132 5.560347
3.359973 4.177507 3.928177
-0.420082 5.412571 5.428342
-5.191397 2.627579 2.550949
6.244078 5.403148 5.608847
-4.246795 3.217545 3.011896
-5.329388 2.714858 2.752819
2.149392 2.576327 2.794214
3.982421 3.029298 3.090930
-0.419848 5.480590 5.428583
-4.157459 3.109484 3.222268
3.903968 3.366337 3.215748
2.003879 2.521487 2.613022
-2.698075 5.224022 5.262171
-3.772882 4.150712 4.233197
1.199819 2.756887 2.997009
-3.796158 4.334706 4.172285
5.317359 3.696168 3.656686
1.796694 2.356685 2.466200
0.978370 3.564388 3.509751
2.229470 2.797489 2.913322
-5.933867 3.796152 3.765793
-3.836103 4.210388 4.066551
3.346672 3.976306 3.937206
0.276504 5.771683 5.219308
1.046348 3.354079 3.340529
3.349677 4.119607 3.935215
2.151419 2.886509 2.797086
-5.594211 2.860711 3.217005
-1.301279 4.063728 4.137828
4.109659 3.066281 2.901019
-5.119855 2.355415 2.465605
4.087544 2.846106 2.932372
-2.462206 4.879057 4.959902
-0.224516 5.365795 5.566214
-0.647960 5.074491 5.125814
5.923390 5.288638 5.172563
-5.381790 3.102266 2.839332
-2.242310 4.767420 4.616302
5.094125 3.439877 3.131582
-3.544873 4.565850 4.781251
4.061803 2.674156 2.969865
-4.452712 2.760523 2.612500
-2.682962 4.912530 5.246632
2.639507 3.565207 3.579677
2.188465 2.882294 2.850959
-3.168046 5.652876 5.344469
-4.727155 2.297470 2.327470
5.665862 4.856449 4.580856
-1.250666 4.150904 4.190315
2.378506 3.013694 3.156066
3.773948 3.397095 3.423827
-5.160496 2.143585 2.512240
1.366223 2.419180 2.706462
-4.586591 2.775630 2.434434
-3.709274 4.617000 4.396112
-0.954270 4.599351 4.614030
2.100535 2.961251 2.727607
1.458898 2.514327 2.589584
3.387420 3.941818 3.907796
4.970567 3.358068 2.899485
0.137852 5.959574 5.418949
3.249428 3.994445 3.985665
-0.018587 5.432341 5.550514
-3.945132 3.947833 3.774084
4.635391 2.348994 2.561075
0.976641 3.375657 3.514160
-4.017159 3.535892 3.581757
-5.080058 2.178134 2.424989
-1.995922 4.303388 4.262375
0.805570 3.696358 3.966564
1.930924 2.706302 2.544479
-0.107417 5.670424 5.579000
4.903177 2.960728 2.795406
4.419432 2.110232 2.586746
3.597620 3.759283 3.682254
3.412436 3.684996 3.887218
3.355618 3.828684 3.931195
1.928303 2.416096 2.542336
-5.148028 2.525943 2.497402
6.227142 5.692557 5.596209
-5.431713 2.832610 2.925280
-4.102143 3.385675 3.360623
3.355042 3.826077 3.931589
4.320163 2.377280 2.657018
4.669531 2.530106 2.574372
5.671910 4.342380 4.596347
1.038810 3.481015 3.358863
-3.048258 5.188145 5.405865
-3.530417 4.723432 4.811905
-3.580929 4.696404 4.702275
-0.122100 5.283986 5.580494
2.973868 4.130722 3.946055
-5.554907 3.242473 3.145865
1.682579 2.466882 2.454474
-4.809613 2.288148 2.304329
0.322466 5.331425 5.137402
2.606386 3.573330 3.529625
0.487163 4.912856 4.789491
-1.430220 4.207068 4.039263
-3.315559 5.064988 5.187391
-0.844991 4.968041 4.798812
5.555727 4.157800 4.291324
-1.710647 3.982834 4.019431
-4.322127 2.761254 2.850269
-1.367017 4.020777 4.080981
0.025942 5.894162 5.523588
0.863860 3.528721 3.809821
-5.792911 3.350866 3.560311
-0.297566 5.755725 5.530708
0.666830 4.283679 4.338749
0.018333 5.726199 5.528787
2.726060 3.210718 3.701192
-3.660923 4.760655 4.515525
-0.518353 5.467334 5.312851
-1.559085 3.944928 3.996104
1.580816 2.536620 2.489693
-3.705494 4.799487 4.405598
-4.874536 2.113797 2.306561
2.550088 3.403594 3.441028
-4.580128 2.510147 2.441369
3.582183 3.663683 3.702451
-6.115549 4.422691 3.954006
-2.233835 4.826678 4.603009
-2.009238 4.297223 4.278973
1.298222 2.750716 2.813388
-5.275670 2.997363 2.669188
3.824944 3.106296 3.342854
3.114929 3.894097 3.999333
0.316354 4.787675 5.148715
2.811137 3.823946 3.804498
1.502938 2.687526 2.546298
4.205822 2.942131 2.775873
-0.979931 4.686732 4.571767
5.183665 3.486839 3.328550
-2.180181 4.865961 4.519958
-5.714923 3.459218 3.430695
-5.631680 2.972616 3.284415
-2.115884 4.574273 4.424148
-0.441520 5.585437 5.405455
-5.151189 2.759727 2.501120
5.222592 3.990021 3.420437
2.485213 3.012679 3.334881
-1.698063 3.840924 4.014478
-1.675457 4.023641 4.006932
0.972100 3.532998 3.525758
3.030353 3.855914 3.975560
2.989054 4.312719 3.955037
2.551797 3.314096 3.443772
3.061884 4.125044 3.987322
-1.358396 3.976385 4.087673
0.190533 5.106160 5.351875
3.375506 3.810766 3.916929
-3.035291 5.298484 5.408929
0.687339 4.272669 4.284402
-0.774332 4.961529 4.919083
5.091665 3.128822 3.126485
5.842381 4.779205 5.004301
-2.092017 4.740774 4.389972
-0.599952 5.283575 5.198891
2.512944 3.239955 3.380666
2.619769 3.827807 3.550056
4.685434 2.206396 2.582234
1.653396 2.407694 2.460098
-0.363782 5.511660 5.481645
-1.258917 3.808872 4.181268
3.209093 4.100287 3.996385
-1.065753 4.781664 4.436135
-2.132970 4.354663 4.449115
1.474216 2.697661 2.573615
4.994656 2.833167 2.940710
3.839308 3.067405 3.319819
2.789432 3.565660 3.779857
4.848051 2.919702 2.723200
-1.861034 4.235122 4.118326
0.090727 5.479285 5.469390
-6.139315 3.969315 3.971020
-0.106555 5.574028 5.578884
-2.125873 4.635323 4.438696
2.807923 4.134365 3.800928
4.996788 3.019434 2.944458
6.067608 5.544509 5.418270
2.018749 3.247702 2.628993
5.426867 3.987561 3.944946
-5.161572 2.426504 2.513543
-4.187093 3.204381 3.150509
-1.253156 3.887367 4.187566
2.634107 3.615606 3.571636
-0.456077 5.568315 5.389147
1.764178 2.533423 2.457492
-1.639116 4.127896 3.998480
-0.408690 5.648431 5.439937
3.042663 4.194315 3.980558
0.228079 5.031005 5.297408
-0.781909 5.098730 4.906264
4.066770 2.747295 2.962552
-0.136744 5.119062 5.581087
-1.605409 4.150972 3.994743
1.207487 2.615096 2.981562
5.587886 4.039583 4.377043
-6.159503 3.839949 3.983986
-5.771853 3.632740 3.526219
0.980007 3.437235 3.505581
3.215690 4.657709 3.995016
-0.713303 5.003588 5.020944
0.037282 5.423141 5.515382
-1.552877 3.852785 3.996859
-2.422238 4.625313 4.899393
-3.711465 4.547988 4.390601
3.334517 4.112714 3.944964
2.691381 3.568252 3.654281
5.871907 4.987488 5.067875
-4.971350 2.564057 2.342169
4.519073 2.650844 2.551949
2.210977 3.041169 2.884872
-3.940013 3.803943 3.787838
5.118942 3.208108 3.183983
2.548993 3.209140 3.439267
-3.811346 4.099498 4.132239
1.265314 2.900898 2.871162
-6.105801 3.702449 3.946488
-3.646755 4.591924 4.549652
-1.931125 4.582349 4.187386
-2.823241 5.141424 5.364177
-5.444886 2.756860 2.948409
1.960669 2.570835 2.570387
-4.596770 2.514543 2.423867
-6.195059 3.701805 4.003450
5.345078 4.001434 3.728470
-3.251116 4.946897 5.266860
1.347643 2.621217 2.733958
-1.559622 3.985380 3.996045
3.804899 3.642913 3.374859
-6.076907 3.900532 3.922391
4.763623 2.777534 2.636320
1.329282 2.557998 2.762413
-2.683971 5.185346 5.247689
-3.451423 5.028014 4.968259
3.134640 4.290418 4.001289
3.240357 3.900603 3.988565
-2.431731 4.877034 4.913915
1.049423 3.187069 3.333082
5.624402 4.349900 4.473340
-2.779906 5.281125 5.334563
-0.741806 4.725479 4.973729
4.255416 2.959510 2.719828
2.540904 3.312322 3.426224
4.088808 2.815099 2.930558
-0.859851 4.649503 4.773442
-6.180254 4.125656 3.995873
-1.227986 4.202737 4.216132
-2.219916 4.274895 4.581263
3.951462 3.045664 3.139780
2.773530 3.847147 3.761033
3.932563 3.079082 3.169897
-4.035407 3.174561 3.533596
-6.175865 4.172465 3.993481
2.273931 2.512286 2.983607
1.798291 2.475604 2.466735
-3.742540 4.649520 4.311630
-6.189147 4.030506 4.000515
-5.991669 3.938605 3.836179
-4.771265 2.228901 2.311444
2.282534 3.168915 2.997472
2.178149 2.978240 2.835704
-5.056045 2.293609 2.403046
-2.253551 4.872253 4.633989
1.508319 2.453600 2.541564
-3.032710 5.846875 5.409456
3.560289 3.576937 3.730239
