-4.245678 17.876024 18.025783
-6.127327 37.518266 37.544133
-3.361728 10.921051 11.301215
0.988190 1.056212 0.976520
-3.128894 9.837786 9.789976
2.617854 7.154165 6.853162
-1.341187 1.844110 1.798784
5.501551 29.971439 30.267061
2.256619 5.226722 5.092329
0.028726 0.135029 0.000825
-0.414140 -0.015237 0.171512
-5.269654 27.780051 27.769254
0.268221 0.274665 0.071943
0.240244 0.043936 0.057717
2.994370 9.076882 8.966254
-2.524294 6.547183 6.372062
2.459589 6.146445 6.049579
1.901852 3.364395 3.617040
-1.388549 1.569754 1.928068
2.594762 6.437486 6.732788
2.853305 8.055130 8.141348
-4.463184 19.983165 19.920008
-1.855155 3.683314 3.441601
-3.527168 12.908887 12.440916
1.731163 3.135116 2.996925
2.740235 7.576547 7.508886
3.036426 9.318922 9.219881
0.673620 0.584159 0.453764
-5.066329 25.486691 25.667686
-0.233248 -0.096418 0.054405
0.318741 0.381255 0.101596
-0.051477 0.260724 0.002650
1.353746 1.787838 1.832627
-4.626530 21.519328 21.404781
2.427790 5.797942 5.894163
1.676128 2.795948 2.809406
-3.154102 9.488162 9.948360
1.366391 1.882613 1.867023
2.472706 6.052211 6.114277
6.086341 37.046114 37.043551
5.087364 25.798005 25.881269
5.012984 24.970521 25.130004
-4.302669 18.463375 18.512964
3.682884 13.559467 13.563636
6.205658 38.599335 38.510196
-1.583195 2.466886 2.506507
-0.124637 -0.030154 0.015534
-1.331452 2.004173 1.772763
3.168849 9.840818 10.041601
4.062803 16.542837 16.506368
0.092478 0.157727 0.008552
1.677910 2.668532 2.815383
3.423123 11.568288 11.717771
-0.196171 -0.063806 0.038483
5.213410 27.617309 27.179641
2.563835 6.281145 6.573249
1.658058 2.803820 2.749156
0.075551 -0.044125 0.005708
-0.573881 0.086748 0.329340
5.804518 33.965544 33.692424
4.922035 24.210103 24.226430
1.116379 1.242281 1.246303
-3.960454 15.503815 15.685194
4.364887 19.657845 19.052236
-0.238546 0.294164 0.056904
-5.385676 29.246138 29.005503
6.104633 37.300181 37.266549
-4.935427 24.331100 24.358438
3.286593 10.372363 10.801695
-0.530193 0.205924 0.281104
-0.299449 0.088960 0.089670
5.065015 25.286050 25.654373
1.704280 3.096082 2.904569
-3.479195 12.186128 12.104796
3.460017 11.830807 11.971720
2.482195 6.137302 6.161294
-5.990111 36.079136 35.881424
3.568435 12.927668 12.733726
2.243571 4.994846 5.033611
-5.525059 30.665000 30.526280
-2.632984 6.731552 6.932605
-1.320841 1.418907 1.744621
-2.937046 8.983323 8.626242
4.002494 16.472260 16.019959
2.467986 6.174946 6.090955
-5.302512 27.935013 28.116634
-3.259975 10.290663 10.627440
-5.498803 30.523522 30.236831
-4.075319 16.861439 16.608223
-1.589838 2.697179 2.527586
-0.187132 0.058835 0.035018
-5.502005 30.428584 30.272059
1.922168 3.815801 3.694731
-6.060441 36.689272 36.728951
2.049878 4.422093 4.202001
-4.483686 20.317444 20.103439
3.560227 12.713632 12.675218
6.019635 36.261413 36.236003
1.627963 2.336400 2.650265
-4.389600 19.219267 19.268590
1.499328 2.310487 2.247984
3.290067 10.750080 10.824540
-1.811205 3.326147 3.280464
-0.347142 0.141211 0.120507
-4.953941 24.539949 24.541531
-2.729659 7.394066 7.451036
-5.881015 34.508541 34.586338
0.679289 0.391216 0.461434
2.025053 4.401584 4.100840
5.804617 33.657955 33.693576
-4.216804 17.531896 17.781437
3.986605 15.710499 15.893021
2.068343 4.184449 4.278041
-0.830591 0.858262 0.689881
-1.902283 3.476986 3.618679
-0.074410 0.193936 0.005537
1.496850 2.195533 2.240560
-3.155214 9.774555 9.955375
2.063068 4.002010 4.256249
-2.591469 7.010376 6.715712
4.853185 23.781080 23.553405
-1.848564 3.230331 3.417188
5.766439 33.178855 33.251816
5.520968 30.377902 30.481091
-3.787381 14.466222 14.344256
4.519119 20.386205 20.422435
-2.066972 4.302576 4.272373
0.843452 0.530321 0.711412
-2.803327 7.794920 7.858644
4.127815 16.992371 17.038855
3.697726 13.702520 13.673174
-5.484453 30.038743 30.079230
-2.766973 7.711574 7.656138
2.426167 5.715748 5.886287
4.347050 18.983535 18.896844
5.928233 34.957722 35.143946
3.326452 11.260741 11.065282
-4.873234 23.949055 23.748406
3.747795 13.628862 14.045969
3.104574 9.457878 9.638381
-0.088219 0.289892 0.007783
0.403623 0.037875 0.162912
-2.111820 4.639047 4.459782
-0.053589 0.250358 0.002872
-2.150414 4.732537 4.624281
4.933203 24.310968 24.336494
-5.383949 28.976220 28.986903
5.980516 35.687937 35.766573
-1.125874 1.279565 1.267592
-2.538533 6.438082 6.444149
4.865228 23.658150 23.670444
-4.199277 17.873845 17.633931
2.278167 5.142799 5.190044
-5.404448 29.090090 29.208058
5.431114 29.630566 29.497000
2.783638 7.782160 7.748642
-4.173829 17.401368 17.420845
0.537871 0.748661 0.289305
6.210896 38.804282 38.575229
0.124148 0.121728 0.015413
-3.697682 13.709075 13.672856
5.565853 31.571964 30.978720
4.036563 16.066921 16.293843
-6.036841 36.698923 36.443453
1.379661 2.059630 1.903464
-5.730988 32.766151 32.844224
1.241635 1.563101 1.541658
3.034603 9.185586 9.208815
6.002863 36.314848 36.034362
3.499679 12.338944 12.247756
1.614588 2.585197 2.606896
0.579345 0.122770 0.335641
1.524764 2.014855 2.324906
-3.947797 15.943120 15.585099
-5.196466 26.748125 27.003260
3.172445 10.340877 10.064410
-1.827155 3.333179 3.338494
-0.856504 0.704961 0.733600
-5.934262 35.129765 35.215461
-2.461606 5.934118 6.059503
-1.762333 3.567173 3.105817
-4.607779 21.017328 21.231623
6.060419 36.665474 36.728684
6.252692 38.753340 39.096162
0.693274 0.735964 0.480628
-5.811598 34.020576 33.774667
4.025846 16.076590 16.207438
3.977682 15.845303 15.821956
1.203535 1.730288 1.448496
-4.793253 23.085529 22.975271
5.389603 29.152726 29.047820
-5.516856 30.591742 30.435702
4.750798 22.827928 22.570080
-6.008436 36.177315 36.101304
0.663218 0.636518 0.439858
6.164622 38.136066 38.002560
-2.480319 5.840972 6.151983
3.604612 12.698947 12.993231
-4.715572 21.713800 22.236616
-0.231628 -0.044585 0.053652
5.734655 33.214485 32.886267
0.829103 0.633035 0.687412
-1.319592 1.703842 1.741323
1.411599 1.774141 1.992610
2.861805 7.918657 8.189930
4.664680 22.454610 21.759244
-6.138049 37.813826 37.675649
5.600942 31.691541 31.370547
4.094931 17.217750 16.768457
-3.679728 13.545977 13.540398
3.247657 10.555812 10.547278
-1.093080 1.224321 1.194823
1.063592 1.315024 1.131229
-2.790397 7.608518 7.786318
4.325128 18.730223 18.706733
5.170859 26.616487 26.737784
3.852585 14.790462 14.842412
-3.667588 13.581014 13.451205
4.433857 20.153814 19.659084
1.037931 1.171246 1.077301
2.154785 4.735527 4.643100
-0.161456 -0.044119 0.026068
4.554186 20.653924 20.740612
-5.210377 27.036394 27.148024
1.855543 3.388085 3.443039
0.308175 0.102678 0.094972
-2.137582 4.742404 4.569259
-3.158720 10.103850 9.977511
-2.098434 4.048770 4.403424
-1.575912 2.495469 2.483498
-0.770847 0.363176 0.594205
4.214641 17.854641 17.763198
1.004561 0.984998 1.009143
-0.540318 0.080023 0.291944
4.357493 18.690187 18.987742
-3.466136 12.177540 12.014099
0.445774 0.090534 0.198715
4.348468 18.992401 18.909177
-1.195449 1.763328 1.429097
2.444722 6.070413 5.976667
2.645900 6.909457 7.000787
-2.376738 5.802211 5.648881
1.173366 1.151596 1.376787
-2.158478 4.807988 4.659029
3.926921 15.525635 15.420707
-1.683826 2.912038 2.835270
3.724476 13.980659 13.871723
3.876897 15.289392 15.030329
-1.824478 3.152527 3.328720
-1.937118 3.569485 3.752425
0.368659 0.530245 0.135910
2.252216 4.821512 5.072476
4.210441 18.221425 17.727811
5.953086 35.647886 35.439238
-4.514747 20.380506 20.382937
-3.292657 10.753199 10.841592
-2.452523 5.963540 6.014869
-1.876666 3.563223 3.521877
3.362029 11.455280 11.303238
-1.398657 2.074236 1.956240
-4.029295 15.849388 16.235217
0.531222 0.116845 0.282197
1.140768 1.441336 1.301352
2.869527 8.068301 8.234182
3.633082 13.825334 13.199283
-0.475486 0.445245 0.226087
3.293517 10.555410 10.847252
-6.106619 37.265357 37.290800
2.978252 8.613154 8.869986
1.239636 1.741086 1.536697
-1.088142 1.348395 1.184053
0.371539 -0.230652 0.138041
0.012411 -0.084410 0.000154
-5.823187 33.680483 33.909507
3.742086 13.847891 14.003208
-1.098111 1.322933 1.205847
0.707820 0.479971 0.501009
-2.048584 4.253338 4.196698
0.621279 0.280691 0.385987
1.840464 3.432518 3.387309
4.204210 17.571361 17.675384
-5.991576 36.129609 35.898979
-3.993724 15.843667 15.949834
1.995335 4.204175 3.981361
-0.394217 0.378180 0.155407
-2.796506 7.859471 7.820447
-4.032732 16.242135 16.262925
-2.058833 4.209697 4.238795
-3.035436 9.201616 9.213874
2.709226 7.297100 7.339908
2.601886 7.111386 6.769810
4.106099 16.860543 16.860052
-5.118467 26.069996 26.198700
-2.215900 4.703829 4.910212
-5.944998 35.419218 35.343000
2.729107 7.304659 7.448025
0.164250 -0.195625 0.026978
-4.341186 18.833552 18.845900
5.551687 30.852295 30.821223
-4.600738 21.367665 21.166792
1.126748 1.307091 1.269561
0.507436 0.048765 0.257492
3.987492 16.143608 15.900089
-4.446296 19.918711 19.769549
-5.258042 27.827287 27.647008
-5.861694 34.416011 34.359451
-3.990079 15.955551 15.920730
-1.134552 1.608895 1.287209
4.370562 18.977272 19.101810
-5.812514 33.850861 33.785323
-4.510676 20.273039 20.346202
-5.009978 24.959386 25.099876
-0.472332 0.290513 0.223098
-3.017244 9.349323 9.103761
-3.672221 13.572513 13.485209
-6.102727 37.164155 37.243271
-1.415572 2.177469 2.003843
4.787789 22.913304 22.922928
6.248512 39.038091 39.043897
5.069906 25.560299 25.703948
2.673040 7.181788 7.145143
1.958590 3.902988 3.836074
-4.409963 19.277881 19.447771
-4.562451 20.757055 20.815956
-2.596613 6.906677 6.742399
3.212589 10.595902 10.320728
-3.742830 13.988573 14.008779
2.258049 5.315915 5.098783
-5.207120 27.045298 27.114101
2.727864 7.471785 7.441243
0.004086 -0.312191 0.000017
-1.059554 1.327838 1.122656
2.179692 4.559598 4.751058
-5.610693 31.226975 31.479872
-1.356488 2.184823 1.840061
0.159514 0.069102 0.025445
3.104563 9.612556 9.638310
-3.074905 9.232316 9.455043
-5.250014 27.568597 27.562647
5.054712 25.715893 25.550114
2.573977 6.611626 6.625357
-6.078186 36.826424 36.944348
4.056838 16.506323 16.457932
-5.988727 35.970192 35.864852
-1.137798 1.264754 1.294585
-0.791833 0.322003 0.626999
-3.914966 15.173730 15.326957
3.223461 10.343011 10.390698
-0.109411 -0.081203 0.011971
3.164270 10.175171 10.012604
-1.043779 1.092855 1.089475
-4.191595 17.603713 17.569469
-4.908772 24.136514 24.096042
2.193469 4.753298 4.811307
-4.459683 20.092172 19.888773
1.497965 1.844038 2.243900
-0.981401 1.164121 0.963148
3.552947 12.281358 12.623432
5.783057 33.551766 33.443746
-3.128788 9.611294 9.789317
-4.736353 22.262990 22.433039
-1.141101 1.444617 1.302112
5.315089 28.146802 28.250167
-5.939045 35.543662 35.272257
4.064464 16.856966 16.519869
5.202197 27.047264 27.062854
0.517824 0.441970 0.268142
-0.520902 0.633912 0.271339
-5.448294 29.653308 29.683910
-2.544423 6.672176 6.474086
5.704429 32.458495 32.540512
-4.162297 17.862958 17.324716
5.559182 31.023533 30.904501
-0.026916 0.303029 0.000724
1.800823 3.212871 3.242962
-2.262152 5.089957 5.117330
-0.126625 0.099011 0.016034
-5.032186 25.648767 25.322899
1.350462 1.695512 1.823748
-0.006169 -0.148865 0.000038
-0.225916 0.263327 0.051038
1.687514 2.660447 2.847704
-3.567735 12.424936 12.728733
3.257702 10.524680 10.612624
-1.119471 1.329101 1.253216
-4.258830 18.448705 18.137631
0.642150 0.729762 0.412357
-4.915711 24.300663 24.164212
-5.689946 32.598425 32.375489
-0.832361 0.269469 0.692825
4.405493 19.524894 19.408370
-3.807847 14.620056 14.499701
5.532378 30.732409 30.607210
-1.536760 2.370162 2.361630
4.472816 19.836912 20.006080
-5.279654 27.488171 27.874743
1.417675 2.339422 2.009801
1.463332 2.046740 2.141340
-5.506048 30.204244 30.316565
4.771485 22.683229 22.767072
5.965324 35.397145 35.585091
0.988318 0.768753 0.976772
3.369695 11.294943 11.354843
-0.998490 1.508635 0.996982
-5.579149 31.252813 31.126901
2.543257 6.527710 6.468155
-3.306129 10.774915 10.930489
-3.073664 9.564477 9.447410
3.647885 13.155063 13.307067
-6.196989 38.456324 38.402678
3.654366 13.570583 13.354390
-5.336783 28.511754 28.481258
5.148649 26.212827 26.508583
-3.544651 12.567728 12.564551
0.744822 0.378416 0.554759
-6.278183 39.449467 39.415583
-0.962333 0.886268 0.926084
4.620681 21.180120 21.350697
1.043344 1.291228 1.088566
-5.971785 35.660878 35.662218
-4.083730 16.529972 16.676849
-5.363535 28.856755 28.767505
5.900423 34.801075 34.814996
-4.362459 19.496372 19.031048
4.452792 19.993281 19.827359
5.508052 30.022250 30.338632
5.814202 33.677075 33.804944
3.568913 12.722879 12.737143
-6.165099 37.854130 38.008447
4.347426 18.734399 18.900114
0.981665 1.468818 0.963666
2.508208 6.324843 6.291106
5.830761 34.048300 33.997777
-3.516085 12.519895 12.362855
-6.041680 36.537938 36.501895
-2.316674 5.439873 5.366979
2.687678 7.069115 7.223614
-2.456902 6.151303 6.036365
-5.772763 33.399630 33.324795
-4.737256 22.604536 22.441590
-5.722270 32.983831 32.744376
-3.215396 10.486274 10.338768
-0.655935 0.354460 0.430251
-6.026704 36.067741 36.321160
-1.342051 1.717594 1.801101
-1.654165 2.470004 2.736263
4.058604 16.477824 16.472264
-6.279964 39.265749 39.437951
-1.431479 2.407759 2.049133
-3.599172 12.950080 12.954036
0.523540 0.040277 0.274095
2.454867 6.129018 6.026370
6.230901 38.722692 38.824129
-0.051899 -0.103347 0.002694
-5.892286 34.807091 34.719040
0.884346 0.636383 0.782068
-3.612233 13.095752 13.048227
-1.287956 1.752438 1.658830
-5.176195 26.764809 26.792991
0.611892 0.489864 0.374412
3.219006 10.597132 10.361998
-4.563670 20.726253 20.827083
0.600052 0.320536 0.360062
3.751679 14.198807 14.075095
-0.692588 0.555522 0.479678
-0.892754 0.460066 0.797010
-6.149554 37.393019 37.817016
-5.203787 27.434746 27.079396
-0.430914 -0.110231 0.185687
3.369559 11.028185 11.353925
-4.342124 19.182670 18.854044
0.728739 0.663800 0.531060
6.276069 39.336734 39.389041
3.459163 11.728190 11.965808
1.361921 1.920246 1.854829
3.625284 13.443579 13.142686
-5.484040 29.906678 30.074698
4.756097 22.137130 22.620456
-1.296102 1.756590 1.679881
1.992729 4.085191 3.970970
-0.321394 0.329966 0.103294
-2.869073 7.767198 8.231578
-4.854321 23.385169 23.564437
5.174339 26.812703 26.773788
5.243628 27.508177 27.495636
-5.252733 27.475086 27.591206
1.243397 1.651749 1.546036
3.897907 15.092670 15.193681
5.173191 26.957723 26.761905
0.531079 0.796779 0.282045
3.610079 13.368430 13.032669
5.383615 28.885777 28.983311
5.858936 34.425109 34.327125
-4.397751 19.214203 19.340216
-5.209185 26.730305 27.135610
-1.679902 2.866368 2.822071
-3.932983 15.471647 15.468358
-3.790941 14.406850 14.371234
2.026855 4.108531 4.108140
3.327622 10.856921 11.073071
-3.302383 11.047375 10.905731
0.418038 0.189537 0.174756
-0.508367 0.291722 0.258437
-5.572072 31.070170 31.047992
-5.347325 28.674831 28.593879
-4.773812 22.673214 22.789285
-2.692967 7.203541 7.252073
2.530900 6.493223 6.405454
5.154336 26.412035 26.567184
3.021259 9.165335 9.128006
0.140449 0.075943 0.019726
4.754959 22.327299 22.609632
-5.543491 30.401675 30.730290
5.176114 26.425491 26.792155
-3.189257 10.272088 10.171360
-2.502950 6.428337 6.264757
-0.433213 -0.150120 0.187674
-0.853489 0.843721 0.728443
6.121271 37.534704 37.469963
3.957915 15.202694 15.665095
-2.250583 5.283121 5.065124
-1.962270 3.704889 3.850502
0.229163 -0.008061 0.052516
5.437439 29.293379 29.565742
4.244454 18.201952 18.015391
-3.832061 14.588620 14.684691
2.850730 8.273921 8.126659
-5.129725 26.736737 26.314076
4.664175 21.910851 21.754528
-1.407837 2.255160 1.982006
-4.542431 20.816718 20.633679
-1.048663 0.924769 1.099694
6.111458 37.257444 37.349919
1.345793 1.780484 1.811159
0.803786 0.441699 0.646073
3.143425 10.032051 9.881121
1.971488 4.058461 3.886765
5.421540 29.518728 29.393095
-2.547618 6.712463 6.490359
5.571428 30.764453 31.040813
2.299123 5.065380 5.285967
0.004661 -0.137059 0.000022
6.162859 38.310224 37.980835
1.389533 2.387315 1.930803
-2.715233 7.073301 7.372488
2.590789 6.752813 6.712188
4.565181 21.100941 20.840881
3.161021 9.904697 9.992051
2.745360 7.415307 7.537003
-5.869733 34.408893 34.453766
2.168442 4.522108 4.702139
-0.960688 0.542134 0.922922
0.391399 0.404022 0.153193
3.117455 9.357317 9.718524
2.986563 8.753874 8.919561
5.053452 25.396445 25.537376
2.456314 6.345775 6.033477
-3.885469 15.298202 15.096866
2.171850 4.795998 4.716933
-5.619046 31.781270 31.573683
-4.166126 17.199671 17.356609
-5.336930 28.757292 28.482819
1.875170 3.913300 3.516263
2.827131 8.218364 7.992670
-1.695624 3.011245 2.875140
-3.917121 15.252785 15.343839
4.606468 21.670131 21.219545
4.533584 20.602298 20.553385
-3.678232 13.356362 13.529388
0.166456 0.017626 0.027708
3.407357 11.782609 11.610082
2.284184 5.269065 5.217496
0.419768 0.192771 0.176206
6.152374 37.728032 37.851702
2.569616 6.449727 6.602926
-4.210869 18.000852 17.731422
-6.069578 36.886829 36.839783
-1.584964 2.484760 2.512109
1.175605 1.318112 1.382048
0.827597 0.699867 0.684916
-5.360922 28.784014 28.739485
-2.636606 7.288740 6.951691
-0.127899 -0.084531 0.016358
-5.972328 35.267789 35.668701
-4.753242 22.589733 22.593307
-4.773082 22.980210 22.782309
-1.965230 3.674651 3.862127
-5.133098 26.224106 26.348692
-0.564585 0.383813 0.318756
-5.972338 35.887679 35.668826
-5.408856 29.385986 29.255727
5.085437 25.874183 25.861673
4.311181 19.028584 18.586282
-0.241783 0.082798 0.058459
-0.171996 -0.002886 0.029583
5.742489 33.233138 32.976182
0.427939 0.013294 0.183132
-0.250260 0.248718 0.062630
-3.639964 13.404828 13.249339
-1.675938 2.574810 2.808768
-4.000880 16.025489 16.007042
-4.094235 16.540642 16.762761
4.095855 16.790733 16.776026
2.938154 8.767283 8.632750
3.524113 12.120116 12.419371
2.762068 7.893130 7.629019
5.145496 26.763341 26.476130
1.380839 1.705712 1.906716
-4.307007 18.584981 18.550306
4.287964 18.423854 18.386636
-6.157814 37.933830 37.918671
-4.977317 25.343012 24.773683
-2.699262 7.369555 7.286017
1.187663 1.366154 1.410543
-5.337480 28.316437 28.488692
-4.322035 18.590085 18.679984
-1.206045 1.658129 1.454545
4.989719 24.872571 24.897292
5.082158 25.845822 25.828326
-0.529343 0.479922 0.280204
-0.339308 0.200673 0.115130
2.375207 5.357881 5.641608
4.460169 20.262134 19.893110
-1.967074 4.002425 3.869381
3.687156 13.658090 13.595122
-1.176224 1.369946 1.383504
-4.422403 19.462734 19.557646
-4.409825 19.255879 19.446556
-3.375015 11.211850 11.390723
2.852370 8.001004 8.136015
2.633130 6.895925 6.933373
0.231608 0.048641 0.053642
5.728149 32.950555 32.811689
3.868682 14.924278 14.966698
-6.203816 38.852288 38.487332
3.569658 13.123358 12.742460
3.440613 11.889367 11.837817
-0.367031 -0.104773 0.134712
5.728915 32.812464 32.820471
-1.455877 1.929338 2.119577
4.033781 16.161720 16.271390
-1.898964 3.425650 3.606063
-1.801525 3.035591 3.245491
-1.522241 2.171903 2.317218
0.954208 0.730401 0.910514
6.275556 39.473801 39.382607
4.425978 19.357518 19.589280
-5.486000 30.531631 30.096191
-5.419883 29.550621 29.375131
0.002076 0.168582 0.000004
1.424545 2.214446 2.029330
5.385352 29.214349 29.002015
-0.859262 0.824248 0.738332
-1.664401 3.130853 2.770230
-2.147310 4.798702 4.610941
-2.705072 7.422688 7.317417
1.662456 2.768386 2.763760
4.186431 17.587497 17.526205
4.171992 17.635855 17.405515
-5.224857 27.030108 27.299133
1.107392 1.304471 1.226318
-6.185895 38.595177 38.265303
2.202338 4.532623 4.850295
-4.221427 17.830952 17.820446
-2.517777 6.307274 6.339199
4.792569 22.908427 22.968722
3.807209 14.271555 14.494844
5.372641 28.756559 28.865268
-3.030012 8.994291 9.180971
4.185928 17.409994 17.521990
-3.246045 10.107236 10.536810
5.859826 34.430133 34.337558
5.358723 28.764523 28.715908
5.395101 28.927303 29.107119
3.821863 14.509209 14.606634
-6.209757 38.559418 38.561079
-5.177686 26.803012 26.808432
-0.884212 1.046894 0.781831
-4.367670 18.978623 19.076544
-1.374429 1.909589 1.889055
0.660664 0.540642 0.436477
0.924412 0.636938 0.854538
2.825395 7.741696 7.982858
2.452413 6.031295 6.014330
-5.861695 34.132032 34.359464
-1.684877 2.890330 2.838812
-5.852592 34.398296 34.252836
-5.903920 35.011121 34.856269
-3.690419 13.690404 13.619196
-1.812577 3.390935 3.285434
-0.015965 -0.018611 0.000255
2.382867 5.740306 5.678057
1.918155 3.622099 3.679320
-0.692245 0.557136 0.479204
2.418564 5.913469 5.849454
1.443875 1.936889 2.084776
-3.388976 11.730555 11.485157
5.322226 28.212384 28.326089
5.517509 30.516258 30.442907
5.671056 32.053030 32.160871
-1.783238 3.165606 3.179938
-0.553809 0.390413 0.306704
4.536080 20.749948 20.576018
-2.826985 7.908317 7.991842
4.893455 23.980646 23.945906
-5.068824 25.561728 25.692974
-5.071644 26.021134 25.721578
0.342777 0.141044 0.117496
-0.801862 0.825415 0.642983
-3.240602 10.287322 10.501502
-3.515612 12.380154 12.359528
-2.260017 5.007867 5.107675
4.297380 18.401471 18.467479
-3.287188 10.582196 10.805603
5.510728 30.553539 30.368118
1.959288 3.470654 3.838811
2.460481 6.256575 6.053965
-1.252513 1.399166 1.568789
-1.557915 2.486907 2.427099
4.733597 22.355056 22.406941
-0.756714 0.481933 0.572617
-4.430023 19.799227 19.625103
1.412740 1.795720 1.995834
-6.179119 38.050064 38.181516
2.356726 5.630088 5.554157
-4.658372 21.801272 21.700430
-2.362699 5.956466 5.582346
-0.020364 -0.151134 0.000415
-5.398904 29.151727 29.148162
1.781100 3.482330 3.172317
-4.930194 24.313478 24.306814
-4.238336 18.092549 17.963489
-1.165573 1.486561 1.358561
-2.187869 4.901381 4.786773
-2.170893 4.536194 4.712775
-2.217800 4.695117 4.918636
-4.876444 23.992599 23.779701
-0.466750 0.254877 0.217855
-1.369207 1.766255 1.874729
5.714575 32.577783 32.656367
3.137706 9.906024 9.845197
0.597528 0.447796 0.357040
-2.442284 6.318041 5.964753
-0.482473 -0.053765 0.232781
1.989948 4.033845 3.959892
-3.062137 9.131396 9.376685
2.410626 5.799056 5.811116
-3.211236 10.215026 10.312036
-4.514348 20.409608 20.379339
-6.085252 37.024484 37.030288
4.327853 18.601382 18.730310
-2.188376 5.033955 4.788990
-1.097212 1.061080 1.203874
-4.406805 19.473943 19.419928
4.620740 21.589719 21.351235
-1.932439 3.835199 3.734319
-6.259180 39.102966 39.177334
-0.504841 0.369585 0.254865
-5.205901 26.710318 27.101402
-5.384300 28.814186 28.990688
-0.624591 0.230815 0.390114
-0.358409 0.361771 0.128457
5.421620 29.779169 29.393967
5.641127 31.612404 31.822315
-2.217922 4.991381 4.919179
4.960060 24.434724 24.602197
-2.444332 5.845289 5.974758
3.166186 10.000183 10.024736
6.201818 38.358397 38.462545
5.426536 29.307177 29.447297
3.097725 9.483726 9.595899
-1.376050 1.631974 1.893514
-6.053110 36.550480 36.640141
-3.290895 10.699548 10.829989
0.172102 -0.074014 0.029619
-1.175190 1.476852 1.381071
-1.517073 2.483063 2.301510
0.331420 0.087263 0.109839
-2.643497 7.004148 6.988078
-3.622697 13.047303 13.123931
3.744474 14.057428 14.021088
4.526779 20.808932 20.491727
-1.872655 3.439382 3.506838
-0.487296 0.421176 0.237457
-3.170223 10.373627 10.050314
-5.229382 27.422287 27.346438
-3.822739 14.643133 14.613333
-5.635906 31.688252 31.763437
3.476927 11.910758 12.089019
1.225256 1.451267 1.501252
-3.330578 10.950550 11.092749
-1.052541 1.000002 1.107843
5.985812 35.684543 35.829946
1.937274 3.874363 3.753031
-4.599873 21.160348 21.158831
2.610230 6.983998 6.813300
0.621179 0.109085 0.385864
-3.399383 11.716646 11.555803
-3.721404 13.630099 13.848846
2.777761 7.319344 7.715957
-0.047979 -0.127243 0.002302
-3.318241 10.967031 11.010722
-0.273695 0.066541 0.074909
-4.706557 22.594250 22.151683
0.080432 0.011140 0.006469
-0.048096 -0.221827 0.002313
-2.040039 4.349258 4.161759
-6.087498 37.139579 37.057626
6.060078 36.606444 36.724544
-5.390213 28.775569 29.054397
-2.614130 6.778495 6.833674
5.113105 26.084489 26.143844
1.735284 2.798240 3.011209
-2.332654 5.340955 5.441275
-4.410042 19.395949 19.448472
1.181652 1.286098 1.396302
-1.799884 3.199034 3.239584
-3.507374 12.061431 12.301675
-0.173971 -0.228695 0.030266
1.324016 1.986417 1.753018
-3.237959 10.329390 10.484379
-4.933540 24.348530 24.339820
1.425350 2.195521 2.031624
-5.637439 31.710276 31.780722
-3.345282 11.143020 11.190913
2.641960 6.973139 6.979951
3.231459 10.574664 10.442330
-1.831459 3.275474 3.354243
-4.074951 16.451232 16.605227
-6.109064 37.322625 37.320663
-4.930792 24.407174 24.312713
6.084358 36.746169 37.019408
3.977982 15.846030 15.824345
-2.526185 6.335779 6.381609
3.441925 11.477547 11.846846
-0.993072 0.976641 0.986191
1.902770 3.684211 3.620532
-2.895030 8.684409 8.381197
2.933506 8.611331 8.605460
4.959817 24.486545 24.599789
-5.893032 34.490639 34.727825
4.751115 22.761519 22.573089
3.730235 13.886233 13.914656
0.570502 0.378180 0.325473
5.552011 30.735977 30.824829
-5.764315 33.352361 33.227330
5.859891 34.052546 34.338327
-5.257327 27.917710 27.639486
-5.417819 29.022527 29.352762
4.945129 24.478545 24.454303
3.483265 11.942485 12.133136
0.767551 0.511653 0.589134
-2.200111 4.748145 4.840490
1.496990 2.314055 2.240980
-1.349769 2.035735 1.821875
-3.036745 9.056436 9.221822
-2.793327 7.939165 7.802676
-6.019994 36.080958 36.240330
0.157251 0.262450 0.024728
-5.226549 26.980525 27.316815
-2.482618 6.030082 6.163392
-0.496782 -0.285832 0.246792
-0.940985 0.904109 0.885453
4.532982 20.457885 20.547925
0.607409 0.593254 0.368946
3.550001 12.574329 12.602509
-4.799401 22.994845 23.034251
4.831155 23.650212 23.340056
3.838499 14.800515 14.734077
3.961182 15.478530 15.690964
-1.770009 3.446067 3.132933
2.116478 4.523470 4.479481
5.393746 29.301962 29.092494
-0.115281 -0.441835 0.013290
-1.022949 1.517438 1.046425
6.005059 36.027634 36.060737
-3.181320 10.220644 10.120797
-5.159018 26.376244 26.615470
-0.905317 0.292121 0.819599
-6.049666 36.523618 36.598455
-1.443228 2.082211 2.082907
-1.030287 1.121540 1.061492
5.801809 33.807040 33.660986
5.379404 28.970534 28.937991
3.785879 14.431378 14.332877
1.815978 3.040119 3.297775
0.499963 0.084123 0.249963
5.114647 26.112752 26.159612
2.001065 3.913971 4.004261
-3.722250 13.808644 13.855148
5.168216 26.642956 26.710459
-3.736645 13.915829 13.962517
3.371474 11.090031 11.366840
5.367367 28.875510 28.808624
4.042622 16.286882 16.342792
-6.098905 37.181268 37.196646
5.402518 29.009898 29.187206
-3.261806 10.601258 10.639375
0.666385 0.453019 0.444069
3.000381 9.122664 9.002289
2.884573 8.019253 8.320762
-1.718141 2.325441 2.952008
2.938433 8.474631 8.634389
-3.558944 12.546783 12.666082
1.740266 2.893464 3.028526
4.938567 24.345236 24.389443
-4.819842 23.315118 23.230876
4.390031 19.416299 19.272368
4.724157 22.306698 22.317660
-5.424946 29.453960 29.430034
5.799845 33.633947 33.638199
0.511338 0.141850 0.261466
1.840909 3.346851 3.388946
-3.162167 9.757830 9.999300
4.303566 18.565039 18.520683
-3.177593 9.963617 10.097095
1.602842 2.573523 2.569101
-2.424243 6.008355 5.876955
3.814865 14.392588 14.553195
1.321712 1.919078 1.746923
5.831111 33.911749 34.001852
4.823992 23.352548 23.270899
1.964466 3.814463 3.859125
3.783752 14.168602 14.316777
-1.964092 3.761955 3.857659
0.245415 0.022461 0.060229
0.729679 0.485107 0.532431
6.003618 35.775513 36.043432
-0.343206 -0.096639 0.117791
-3.889133 15.383355 15.125356
-4.098609 16.766392 16.798594
-6.170927 38.124888 38.080343
0.081244 -0.028049 0.006601
4.588505 20.838024 21.054382
1.075686 1.238381 1.157100
-2.927167 8.515166 8.568307
1.355810 1.673178 1.838222
5.427714 29.067564 29.460078
-3.136001 9.857552 9.834499
4.988193 25.028026 24.882072
-6.265187 39.440856 39.252574
-5.307609 28.155791 28.170718
0.499024 0.229030 0.249025
-5.277036 27.986939 27.847114
-3.940235 15.646275 15.525449
-3.386014 11.292554 11.465092
5.789351 33.497069 33.516582
1.307461 1.544571 1.709455
-3.153648 9.861228 9.945497
4.269928 18.359397 18.232289
-3.664006 13.540275 13.424943
1.594162 2.568254 2.541353
5.474032 30.296089 29.965024
3.859249 14.885557 14.893805
-1.280069 1.829557 1.638576
1.358054 1.776050 1.844311
3.451543 11.921849 11.913151
2.393848 5.912114 5.730510
2.306772 4.993789 5.321196
-5.068939 25.483178 25.694141
-3.957607 15.676031 15.662650
-1.647692 2.338106 2.714888
0.022353 -0.014804 0.000500
3.195569 10.448020 10.211663
6.255325 39.043439 39.129089
3.963152 15.837582 15.706577
3.739548 13.963667 13.984217
2.385747 5.691646 5.691789
5.048804 25.335313 25.490421
-5.977476 35.260093 35.730217
-0.684135 0.553714 0.468041
-5.432800 29.426518 29.515319
4.479854 20.042677 20.069090
0.770704 0.720426 0.593985
4.059811 16.626026 16.482062
3.664185 13.973102 13.426255
5.470173 29.995998 29.922795
-5.190518 26.852282 26.941477
-4.909551 24.190368 24.103691
5.782363 33.557690 33.435720
2.518382 6.476940 6.342249
-0.107554 0.213189 0.011568
0.625349 0.850473 0.391061
2.577209 6.630287 6.642007
-4.154710 17.194513 17.261618
1.906971 3.798408 3.636539
-2.173156 4.977602 4.722607
0.333460 0.088412 0.111196
2.653953 6.675181 7.043466
-6.011781 36.031781 36.141514
1.580331 2.355208 2.497447
1.190690 1.128660 1.417743
-2.082493 4.151458 4.336779
5.043685 25.521039 25.438761
-0.510282 0.040915 0.260387
1.695126 2.912743 2.873451
-4.766469 22.798239 22.719231
1.773014 3.200683 3.143579
4.523735 20.442275 20.464178
-3.939655 15.308401 15.520879
