3.846381 14.729580 14.794646
2.157563 4.297018 4.655079
1.187709 1.190466 1.410653
1.882807 3.482879 3.544963
3.965663 15.723212 15.726483
-3.986008 16.444482 15.888260
-3.356437 11.308662 11.265670
-1.672098 2.835616 2.795912
1.544960 2.637911 2.386901
-5.568590 30.991787 31.009197
-0.362981 0.016673 0.131755
3.245184 10.407723 10.531221
0.457625 0.434544 0.209421
3.157800 9.733367 9.971701
1.353448 1.646033 1.831822
3.400763 11.952305 11.565188
-1.601534 2.583470 2.564910
-3.024960 8.985815 9.150385
1.500507 2.459667 2.251522
0.672717 0.508425 0.452548
-1.652233 2.798085 2.729875
-0.860965 0.528246 0.741261
-2.508377 6.336307 6.291955
2.681790 7.122648 7.191998
1.833519 3.354981 3.361792
3.043245 9.650114 9.261338
3.498366 12.535562 12.238564
4.817017 23.356157 23.203656
-4.693446 22.126380 22.028439
4.153375 17.195516 17.250527
-6.197845 38.288320 38.413280
4.647914 21.684083 21.603104
5.418169 29.384478 29.356556
-5.511919 29.960473 30.381252
1.634090 2.947612 2.670251
1.362194 2.058308 1.855571
5.322520 28.507642 28.329223
-2.376552 5.611589 5.647998
-6.246426 38.936022 39.017841
-0.433152 0.194885 0.187621
-6.161108 37.762568 37.959250
5.580653 31.188900 31.143686
2.321197 5.274056 5.387954
-3.578697 12.782933 12.807070
4.016909 16.231964 16.135558
-2.624550 6.744503 6.888263
1.579414 2.645677 2.494549
-5.059830 25.966932 25.601878
-4.118663 16.993466 16.963384
0.412342 0.342861 0.170026
-4.090276 16.829847 16.730361
-4.410596 19.551886 19.453354
-1.049864 0.851014 1.102214
-6.275983 39.432143 39.387966
4.333377 18.485483 18.778155
-5.436647 29.896337 29.557128
-3.398566 11.509153 11.550251
5.550952 30.561925 30.813064
4.442243 19.616915 19.733519
3.370120 11.202507 11.357706
2.909392 8.662833 8.464562
-0.165634 0.053452 0.027435
1.414742 1.820009 2.001494
-0.663558 0.481936 0.440309
3.597353 12.870930 12.940952
-5.951051 35.251137 35.415002
0.375380 0.340711 0.140910
3.384869 11.173409 11.457336
-4.049447 16.103123 16.398022
3.348983 11.416388 11.215690
4.714548 22.610497 22.226967
1.545103 2.268899 2.387344
2.538719 6.503943 6.445096
-0.003567 -0.162444 0.000013
-4.943847 24.631630 24.441627
5.105223 26.118955 26.063301
-0.167928 -0.055964 0.028200
3.316402 10.945243 10.998521
5.146808 26.503516 26.489634
6.185450 38.563908 38.259792
-6.281942 39.334961 39.462793
-5.771612 32.814403 33.311509
3.644403 13.062948 13.281670
3.479787 12.145843 12.108918
-0.414657 -0.048020 0.171941
-1.521722 2.284235 2.315638
-3.867258 15.134230 14.955684
-2.261918 5.465040 5.116275
1.841877 3.263987 3.392512
-1.192377 1.676869 1.421763
4.515817 20.449810 20.392603
3.499025 11.998601 12.243178
5.723963 32.573378 32.763758
2.034034 4.306693 4.137296
-6.029185 36.346387 36.351076
0.674702 0.733581 0.455223
-2.855088 7.809166 8.151528
-2.672862 6.905282 7.144194
-2.176031 4.606211 4.735109
-2.168896 4.704904 4.704108
1.916202 3.492361 3.671830
-2.264532 5.056777 5.128107
4.311944 18.255239 18.592865
-5.213627 27.107628 27.181909
1.453087 2.099636 2.111463
1.517228 2.201859 2.301982
1.760311 3.287976 3.098695
-6.158250 37.788486 37.924039
-1.799027 3.447437 3.236498
4.491435 20.023803 20.172984
4.402753 19.485402 19.384235
2.437543 6.207390 5.941615
3.215452 10.148538 10.339132
-3.550689 12.610934 12.607394
4.760374 22.887035 22.661163
0.157100 0.252074 0.024681
3.807716 14.348072 14.498699
2.214596 4.856068 4.904438
6.236207 39.086324 38.890284
-3.916220 15.434923 15.336778
1.107735 1.155937 1.227076
0.530541 0.560823 0.281474
3.049043 9.323916 9.296662
2.859405 7.955392 8.176194
-2.397275 5.914851 5.746930
-5.196636 26.991037 27.005027
-5.597733 31.569963 31.334612
2.752720 7.621366 7.577465
4.041294 16.190498 16.332060
-4.841161 23.523455 23.436843
-4.354800 19.101159 18.964282
-0.026616 -0.129306 0.000708
6.093972 37.325536 37.136496
-3.065035 9.425186 9.394441
0.453179 -0.012591 0.205371
-4.441072 19.550577 19.723119
0.608924 0.387967 0.370788
3.864085 14.762463 14.931150
0.489958 -0.017349 0.240059
-2.418791 5.938865 5.850549
-5.530558 30.395340 30.587071
-2.996763 8.705066 8.980587
-0.106985 0.305399 0.011446
-1.282163 1.460166 1.643941
5.013401 24.715630 25.134191
-4.690180 22.342486 21.997789
3.365670 11.036658 11.327737
0.606119 0.471286 0.367380
-4.976534 24.965457 24.765889
5.421812 29.444139 29.396046
-4.322671 18.760580 18.685489
-1.917947 3.064130 3.678519
-1.044612 0.982619 1.091213
4.942132 24.323650 24.424664
-0.380306 0.419578 0.144633
4.914085 24.223205 24.148231
3.507101 12.573456 12.299756
5.535152 30.941004 30.637902
-2.948686 8.316770 8.694750
-5.767336 33.356147 33.262163
4.080345 16.744741 16.649216
-1.042075 1.052519 1.085920
-4.933621 24.187538 24.340613
-5.345174 28.673138 28.570886
-3.984102 15.841760 15.873071
2.808903 7.385362 7.889935
5.912237 34.827146 34.954547
-4.354026 19.048411 18.957538
0.552373 0.396500 0.305116
6.213196 38.517718 38.603809
-4.564021 21.044077 20.830290
-3.376175 11.212511 11.398557
-5.646754 31.617579 31.885826
-0.960870 1.015864 0.923271
-1.052987 1.346255 1.108781
-3.128195 10.227648 9.785603
-2.067662 4.291467 4.275226
5.668929 32.221697 32.136757
-2.802094 8.014839 7.851733
5.909615 34.900726 34.923544
0.363019 0.167877 0.131783
5.833585 33.990129 34.030715
3.762429 13.946888 14.155875
-0.675438 0.231980 0.456217
2.720650 7.247948 7.401937
2.216672 4.961366 4.913634
-4.675977 21.697356 21.864762
5.175117 26.384458 26.781837
-5.776202 33.402981 33.364514
-3.218418 10.206078 10.358217
-3.892673 15.447799 15.152904
2.440124 5.814467 5.954205
-4.315502 18.926038 18.623561
-2.508227 6.134214 6.291202
4.258635 18.252649 18.135970
4.636106 21.590982 21.493483
-6.031831 36.379156 36.382980
0.489375 0.324007 0.239488
-2.474437 5.768219 6.122841
1.926854 3.741018 3.712766
1.790380 3.317338 3.205460
4.926048 24.545579 24.265944
1.148268 1.183164 1.318520
-4.257159 17.963533 18.123400
-5.748576 33.217379 33.046129
-4.988342 24.984044 24.883558
-0.537782 0.574126 0.289209
5.854495 34.441922 34.275113
-3.369819 11.340924 11.355683
-3.910463 15.338121 15.291719
-0.375247 0.165961 0.140810
1.383537 2.101022 1.914174
1.428689 1.846704 2.041152
1.737976 2.856305 3.020560
-5.241861 27.714538 27.477104
-1.276295 1.573665 1.628930
-3.842194 14.915265 14.762455
1.775023 3.523181 3.150707
-0.019457 0.091853 0.000379
4.689135 21.835108 21.987990
3.388374 11.565573 11.481077
0.961969 0.857226 0.925384
4.927904 24.530869 24.284242
-2.337915 5.354976 5.465847
1.386132 1.791817 1.921363
-3.586265 13.585874 12.861299
5.301489 28.256311 28.105785
1.231263 1.222733 1.516008
-5.114133 26.235536 26.154355
-3.338111 11.325915 11.142988
1.519344 2.626495 2.308405
2.360223 5.965091 5.570651
-2.862057 8.234739 8.191369
3.872611 14.809547 14.997118
1.553814 2.525230 2.414339
-4.968412 24.286150 24.685120
3.666101 13.462735 13.440293
5.701636 32.565923 32.508651
5.016814 25.097965 25.168421
-0.059986 -0.156750 0.003598
-2.376884 5.690195 5.649576
-1.921858 3.648072 3.693539
1.823022 3.373312 3.323411
-5.315979 28.208074 28.259631
5.192997 26.675342 26.967217
2.319563 5.503193 5.380371
4.352402 19.029560 18.943407
4.832633 23.446878 23.354343
-0.480943 0.246745 0.231306
-3.037573 9.235172 9.226848
-0.912549 0.526352 0.832746
1.021966 0.868203 1.044415
4.185955 17.316858 17.522217
0.090412 -0.149412 0.008174
3.818040 14.651328 14.577428
3.184253 10.397896 10.139464
1.654837 2.602501 2.738485
0.603552 0.279291 0.364275
2.862224 8.156804 8.192324
4.209296 17.618648 17.718174
4.482378 20.285512 20.091713
1.795655 3.202929 3.224379
5.102596 26.001428 26.036481
-3.688464 13.403319 13.604764
-1.601357 2.411271 2.564344
-6.173216 38.392543 38.108601
-1.827472 3.440554 3.339653
-5.891276 34.504745 34.707133
-5.590258 31.241453 31.250989
-0.281820 -0.140644 0.079423
-2.726033 7.380694 7.431258
2.256407 4.882218 5.091372
-2.493989 6.168528 6.219981
-4.695231 22.477284 22.045194
5.399346 29.016231 29.152936
1.996685 4.098538 3.986752
4.303542 18.490889 18.520472
5.645122 31.842926 31.867404
-4.227937 17.734115 17.875449
1.745236 3.002143 3.045849
-5.737716 32.845657 32.921380
-3.082670 9.797660 9.502855
-2.427776 6.030268 5.894096
1.934424 3.612510 3.741996
2.135165 4.272283 4.558929
0.656293 0.322037 0.430720
2.721957 7.545321 7.409048
1.385063 2.006040 1.918399
4.606611 21.261513 21.220863
6.137664 37.677585 37.670918
-0.319628 0.184009 0.102162
-1.284166 1.878299 1.649083
-3.165343 9.819476 10.019396
2.466337 6.226325 6.082816
-0.928243 0.784815 0.861635
6.168500 37.495308 38.050397
-3.269058 10.849761 10.686738
-3.654496 13.727738 13.355344
1.454732 2.065876 2.116244
-4.403281 19.376283 19.388886
2.262928 5.011829 5.120843
-2.010648 4.351183 4.042705
3.885784 15.310100 15.099318
-5.615832 31.300737 31.537563
4.068121 16.507127 16.549608
-0.251076 0.120412 0.063039
6.132517 37.457805 37.607765
-0.196931 -0.153088 0.038782
-3.090261 9.440145 9.549715
0.765881 0.329216 0.586574
4.254101 18.310818 18.097377
3.918151 15.350176 15.351911
4.082963 16.948910 16.670587
3.699420 13.456894 13.685706
-4.913049 24.073350 24.138053
-5.931513 35.415777 35.182843
5.488733 29.991739 30.126193
-4.122768 16.764672 16.997219
3.813026 14.906111 14.539169
2.527210 6.507361 6.386789
0.588552 0.199732 0.346393
5.519736 30.417131 30.467481
3.607409 12.974916 13.013400
-2.871001 8.131992 8.242648
-2.008265 3.750925 4.033128
5.602585 31.060571 31.388958
3.308477 11.289723 10.946021
-5.522566 30.425467 30.498736
-2.520323 6.312269 6.352030
4.776038 22.889901 22.810542
-5.778417 33.812737 33.390107
1.338640 1.748703 1.791957
1.616418 2.608945 2.612806
-4.192848 17.887446 17.579973
-0.168256 0.225352 0.028310
0.724204 0.383655 0.524472
0.677814 0.498687 0.459432
-4.015051 16.398658 16.120638
2.690340 7.313410 7.237927
3.998424 16.025871 15.987394
-1.227361 1.472519 1.506415
5.871131 34.252704 34.470181
2.951365 8.609721 8.710557
0.178204 -0.044151 0.031757
-2.042739 4.189491 4.172782
5.760478 33.091415 33.183111
0.505002 0.260385 0.255027
2.803254 7.835818 7.858233
1.103323 0.865183 1.217322
4.110210 16.755940 16.893824
0.037491 -0.070416 0.001406
3.157507 10.044492 9.969851
-2.298822 5.484303 5.284582
4.004050 15.567349 16.032419
-3.909839 15.288563 15.286840
-4.335909 18.988734 18.800110
-1.239800 1.716538 1.537104
1.911992 3.530702 3.655713
4.101161 16.716086 16.819520
1.209211 1.752888 1.462192
-2.720859 7.375426 7.403072
-4.364303 19.060543 19.047139
-0.514432 0.224601 0.264640
-2.227504 5.174328 4.961776
-2.559689 6.811251 6.552007
6.085956 37.236361 37.038860
-6.156280 37.660055 37.899781
3.091271 9.761044 9.555954
4.680571 21.381293 21.907744
-3.853368 14.987500 14.848448
0.541684 0.363836 0.293421
-2.327208 5.243868 5.415899
-0.699213 0.279496 0.488899
4.552038 20.846970 20.721048
-4.941219 24.437013 24.415644
2.290920 5.305715 5.248316
-5.518355 30.690369 30.452245
2.743412 7.587047 7.526312
-2.074738 4.219566 4.304536
3.775796 14.063500 14.256639
2.964372 8.906351 8.787504
-3.661216 13.014490 13.404501
-5.083854 25.953635 25.845571
-6.222754 38.594346 38.722662
0.126223 -0.033643 0.015932
-6.073091 36.782094 36.882429
2.547594 6.807987 6.490235
-0.048400 0.072458 0.002343
3.356942 11.339129 11.269060
-5.739958 32.880447 32.947123
0.759801 0.290541 0.577298
6.267408 39.476238 39.280399
-2.687021 7.372448 7.220079
-2.567437 6.367771 6.591731
-2.336994 5.565393 5.461542
2.513609 6.176513 6.318231
4.487364 19.885889 20.136439
-1.925486 3.506555 3.707496
-1.188500 1.700406 1.412532
0.407104 0.100797 0.165734
4.097061 16.665036 16.785911
1.660121 2.690956 2.756002
3.733009 13.988398 13.935357
-4.074430 16.534736 16.600977
-0.934483 0.943773 0.873258
-0.653170 0.383572 0.426631
-0.104121 -0.176268 0.010841
1.285258 1.594834 1.651889
5.081646 25.597627 25.823129
-2.864705 7.970031 8.206537
-1.280339 1.889993 1.639267
-0.512006 0.314781 0.262150
6.237827 39.205154 38.910490
2.174971 4.517234 4.730499
-4.946120 24.323043 24.464106
-0.428012 -0.250043 0.183194
3.038663 9.260357 9.233471
-0.970199 0.653982 0.941287
-2.200513 4.748531 4.842258
1.838000 3.236837 3.378244
-3.413790 11.646083 11.653963
3.874776 15.089196 15.013891
5.601504 31.372873 31.376849
-2.095944 4.453495 4.392981
0.996969 0.831345 0.993948
-1.361340 1.762793 1.853247
0.710535 0.455745 0.504860
-2.787792 8.035249 7.771785
2.225536 4.830846 4.953011
-3.171824 10.055590 10.060466
1.937326 3.838739 3.753232
5.626609 31.802327 31.658733
5.722963 32.472936 32.752310
4.448558 19.668689 19.789665
-0.829311 0.836233 0.687757
-4.591722 21.243829 21.083908
1.776135 3.376637 3.154655
1.045680 0.811184 1.093446
1.778747 3.241853 3.163940
-3.891588 15.279706 15.144457
3.286231 10.232856 10.799317
-1.732684 2.635816 3.002193
0.721181 0.288050 0.520102
3.983050 15.617048 15.864688
3.625512 13.151751 13.144341
-5.929417 34.977003 35.157986
-1.453986 2.340159 2.114074
-0.059970 -0.033997 0.003596
1.267645 1.519979 1.606924
4.089490 16.665471 16.723931
0.420794 0.330232 0.177067
-3.745572 13.927177 14.029308
-1.178960 1.251928 1.389946
1.579611 2.523214 2.495171
-1.495558 2.117477 2.236694
-2.191987 4.971619 4.804805
-1.832743 3.624417 3.358948
-5.138576 26.002168 26.404964
-5.499911 30.550689 30.249025
-4.659832 21.610201 21.714032
-4.518195 20.223663 20.414086
-2.794890 7.962534 7.811411
5.075770 25.677211 25.763446
-3.014250 9.074171 9.085702
-2.410923 5.395305 5.812551
0.369839 0.252486 0.136781
-4.547223 20.763137 20.677237
-3.314045 10.938224 10.982897
0.117464 -0.019871 0.013798
-4.758613 23.060868 22.644396
-3.143845 9.608883 9.883764
3.526714 12.423661 12.437712
-3.744040 13.962755 14.017835
1.245577 1.184937 1.551462
-5.715744 32.276277 32.669734
-3.155767 10.256703 9.958863
1.318897 1.524613 1.739489
-4.451191 20.033360 19.813100
1.609408 2.831318 2.590195
3.672178 13.342063 13.484891
5.352525 28.551890 28.649527
-6.068368 36.689615 36.825088
5.287032 28.394052 27.952707
-2.917842 8.753950 8.513801
-3.065107 9.399997 9.394881
-6.054356 36.669748 36.655232
-5.898666 35.229106 34.794256
-0.731729 0.528130 0.535427
4.301380 18.428935 18.501870
4.355005 19.081545 18.966068
-4.897913 24.042457 23.989555
0.429165 0.542003 0.184183
-5.823570 33.976739 33.913968
1.704951 2.999379 2.906858
-4.298088 18.612807 18.473558
-3.634528 13.443725 13.209792
6.219258 38.616517 38.679168
-5.070765 25.786077 25.712661
-3.089162 9.707830 9.542919
-2.388738 5.655315 5.706067
-1.042395 1.102712 1.086588
-2.779509 7.564712 7.725670
0.856793 0.938760 0.734094
3.184805 10.112576 10.142983
3.205044 10.097132 10.272306
4.540042 20.790921 20.611980
2.213883 5.047836 4.901278
4.879562 24.019994 23.810122
4.475714 19.679599 20.032015
-3.372815 11.715845 11.375878
-0.531280 0.510911 0.282258
-0.225950 -0.059192 0.051053
3.577101 12.418094 12.795651
-4.426893 19.536813 19.597378
5.888204 34.628343 34.670943
0.063725 -0.316246 0.004061
1.222027 1.235849 1.493349
4.304913 18.727995 18.532277
-3.221298 10.458019 10.376758
3.142950 9.891194 9.878136
-5.855668 34.452338 34.288843
-3.904593 15.361203 15.245846
-4.619108 21.980643 21.336155
3.616568 12.839822 13.079564
-5.395691 28.981783 29.113477
3.676267 13.329636 13.514937
-4.123395 16.749283 17.002390
-3.338683 11.309176 11.146802
-5.336413 28.617362 28.477304
4.557548 20.921695 20.771248
-4.186875 17.726312 17.529919
2.586402 6.772440 6.689473
-2.449179 6.229144 5.998477
1.729383 2.851724 2.990766
-2.387345 5.314563 5.699417
-2.480819 5.956947 6.154463
-1.282212 1.593120 1.644068
4.213579 17.603333 17.754249
-3.521057 12.344195 12.397844
-3.489560 12.196968 12.177027
-2.014799 3.934870 4.059414
-4.675498 21.512504 21.860281
-4.150322 16.969124 17.225173
-5.689120 32.574904 32.366082
3.412950 11.564725 11.648228
3.033131 9.202647 9.199881
-4.412082 19.468663 19.466465
5.144418 26.758022 26.465036
2.116867 4.502936 4.481127
-2.806179 7.725197 7.874641
-3.682335 13.786811 13.559595
2.002574 4.447900 4.010302
1.369022 1.653668 1.874220
3.179312 10.297396 10.108028
0.023947 0.370197 0.000573
-4.081529 16.640912 16.658882
-4.779524 22.862537 22.843849
0.680790 0.478962 0.463475
0.836586 0.823678 0.699876
-5.498250 30.485171 30.230752
5.157029 26.799021 26.594953
3.224697 10.268003 10.398668
5.148327 26.332591 26.505274
-5.719964 32.601385 32.717988
-1.687769 2.796950 2.848563
-3.837421 14.680579 14.725801
5.473703 29.890927 29.961427
-2.227224 5.131878 4.960528
-5.234943 27.097976 27.404629
5.913842 35.037254 34.973527
-3.612505 13.434022 13.050190
1.957407 3.254038 3.831443
-3.866496 15.058269 14.949791
1.132271 1.382903 1.282038
-3.315053 11.030356 10.989577
-2.907904 8.651034 8.455906
-5.202505 27.176829 27.066059
-4.317367 18.775530 18.639661
-1.594907 2.507048 2.543728
5.251912 27.487097 27.582575
-0.897428 1.014576 0.805378
5.384536 28.865164 28.993232
1.645208 3.112011 2.706711
-4.376772 19.197695 19.156130
2.168762 4.613497 4.703527
4.831726 23.312066 23.345572
-0.126665 0.126144 0.016044
0.906367 1.047563 0.821501
2.388796 5.700295 5.706345
0.117038 0.213367 0.013698
-3.713062 13.943226 13.786826
0.399158 0.080983 0.159327
1.225737 1.127050 1.502432
-2.759046 7.662550 7.612336
3.791203 14.618512 14.373219
5.180929 27.046406 26.842026
5.302999 28.410734 28.121794
-6.027692 36.114715 36.333076
-3.275721 10.771949 10.730350
-1.149624 1.335001 1.321635
-1.015432 1.590666 1.031102
-3.819967 14.569126 14.592149
-5.384967 28.945713 28.997870
3.730021 13.850325 13.913054
0.805517 0.298146 0.648858
6.166456 38.115912 38.025174
3.137662 9.860298 9.844925
-2.724143 7.309689 7.420956
4.955942 24.394422 24.561357
-4.750232 22.477716 22.564705
-2.370740 5.312389 5.620410
-2.229714 4.739365 4.971626
1.254725 1.533761 1.574336
0.888387 0.978302 0.789231
-4.305979 18.590082 18.541452
-1.643134 2.843356 2.699889
-1.182713 1.388471 1.398810
-2.189126 4.741718 4.792272
-0.407429 0.267839 0.165998
4.886250 24.044466 23.875443
3.595302 13.004210 12.926194
1.396028 1.926730 1.948894
-0.629415 0.649574 0.396163
0.069350 -0.156394 0.004809
1.407200 1.918467 1.980212
0.280655 0.020937 0.078767
0.584766 0.165218 0.341952
4.544901 20.334500 20.656129
6.072555 37.207598 36.875919
-2.573728 6.995375 6.624076
-6.151697 37.895765 37.843377
1.416419 1.996343 2.006243
-6.196497 38.298096 38.396581
-0.154127 0.294771 0.023755
-4.329300 19.121201 18.742840
3.358475 11.339666 11.279355
6.163456 38.162670 37.988194
-2.906229 8.217532 8.446164
-1.890159 3.602517 3.572701
3.750331 14.260810 14.064984
2.227373 4.732543 4.961191
4.037964 16.420086 16.305154
3.728379 13.629985 13.900812
3.250154 10.207634 10.563504
-3.386995 11.498871 11.471736
3.342455 11.393591 11.172007
-5.464147 29.774684 29.856908
5.708589 32.579860 32.587987
-0.485303 -0.036184 0.235519
-0.647452 0.066214 0.419194
0.387615 0.250998 0.150245
-5.918744 35.124490 35.031529
-1.490127 2.083960 2.220480
-3.047542 9.368105 9.287509
0.807692 0.397320 0.652367
-5.385658 28.798243 29.005313
-4.895712 23.818818 23.967992
-4.473997 20.028683 20.016652
5.009647 25.112004 25.096566
5.210706 27.534186 27.151456
5.563102 30.893401 30.948104
-0.543798 0.446476 0.295716
-2.487744 6.281137 6.188872
-5.733182 32.824217 32.869371
-5.162923 26.418458 26.655772
0.540971 0.563288 0.292650
-4.771993 22.897184 22.771919
-4.626085 21.419947 21.400664
3.804487 14.793522 14.474121
4.378937 18.856718 19.175093
-5.558457 31.068901 30.896442
-2.365349 5.541052 5.594876
-0.096825 0.058729 0.009375
4.695972 22.070309 22.052152
-0.489425 0.573741 0.239537
-2.076446 4.420454 4.311626
-6.043413 36.679127 36.522841
-4.230233 17.690001 17.894874
-3.607184 13.023752 13.011776
0.995231 0.672967 0.990485
4.523240 20.387728 20.459697
-4.902132 23.919226 24.030895
5.559466 30.983065 30.907667
-4.993360 24.804024 24.933645
-4.588269 20.906447 21.052215
-6.073859 36.576855 36.891767
6.200978 38.411149 38.452127
5.959461 35.518680 35.515172
1.529045 2.315684 2.337977
-1.713755 3.048478 2.936957
-0.972148 1.121765 0.945071
-4.256956 18.352127 18.121674
-5.099446 26.066155 26.004353
0.077664 -0.180567 0.006032
0.630146 0.144429 0.397084
-0.206820 0.156134 0.042775
-2.726510 7.421349 7.433857
-2.962278 8.717865 8.775090
-6.267888 39.368004 39.286419
0.567487 0.175427 0.322041
2.081987 4.154223 4.334671
-0.352666 -0.038098 0.124373
4.582356 20.704982 20.997985
-1.345795 1.548251 1.811164
-4.148868 17.279073 17.213107
-4.317387 18.852456 18.639834
4.898476 24.039325 23.995069
3.501188 12.154836 12.258316
0.609307 0.276101 0.371255
-2.021870 4.324277 4.087958
-3.340115 11.314999 11.156370
-4.953229 24.538533 24.534474
5.024712 25.223303 25.247730
4.164678 17.261192 17.344541
0.846134 0.756330 0.715943
0.311175 0.035471 0.096830
1.745972 2.896260 3.048418
2.194600 4.528344 4.816268
-1.406655 2.051593 1.978678
-5.744420 32.814474 32.998356
-5.622476 31.527085 31.612241
4.857926 24.029149 23.599441
3.868066 14.542321 14.961935
-5.168561 26.601316 26.714022
-4.568716 20.844288 20.873163
4.155205 17.601077 17.265732
-6.174380 37.979860 38.122969
0.849724 0.884274 0.722031
-0.456978 0.580012 0.208829
3.038991 9.308141 9.235469
-0.705111 0.882179 0.497182
-1.221077 1.739188 1.491030
-2.437172 6.190580 5.939807
2.224990 4.894932 4.950582
-0.659653 0.363419 0.435142
-2.180302 4.968165 4.753717
3.297457 11.080711 10.873223
-4.624747 21.614308 21.388281
-1.454419 2.055041 2.115336
2.682416 7.433528 7.195354
-0.356276 0.284164 0.126933
-0.443396 0.319745 0.196600
-3.724312 13.798636 13.870500
5.898426 34.559185 34.791426
-3.954372 15.494786 15.637058
5.713994 32.685084 32.649729
3.519565 12.618548 12.387340
-5.080923 25.780686 25.815779
2.731624 7.801205 7.461767
-4.782002 22.918343 22.867541
-1.307693 1.936062 1.710060
5.497278 30.320433 30.220067
-0.255354 -0.214782 0.065206
-2.535381 6.380572 6.428154
-0.736543 0.511769 0.542496
-5.255877 27.920948 27.624247
-3.015666 9.151594 9.094243
3.128341 9.923908 9.786518
5.576006 31.450679 31.091839
-0.642660 0.332708 0.413012
4.183839 17.643319 17.504505
-4.874018 23.743367 23.756048
-3.906344 14.834982 15.259526
-2.536769 6.639040 6.435198
1.421280 1.954562 2.020036
5.156739 26.875015 26.591961
-4.529302 20.870106 20.514579
-1.026096 1.041841 1.052872
5.903379 34.770381 34.849883
-1.802555 3.406502 3.249206
5.391924 28.980539 29.072841
1.600863 2.548894 2.562762
-3.489688 12.000235 12.177923
4.201314 17.424864 17.651040
-1.007743 1.308301 1.015545
-2.810846 7.815049 7.900854
-4.042531 16.493269 16.342053
2.437569 6.144186 5.941742
1.523654 2.368973 2.321522
0.595612 0.320564 0.354754
2.121963 4.347411 4.502726
-2.004304 3.917492 4.017235
-6.280474 39.516156 39.444360
-1.833399 3.512823 3.361351
-1.237660 1.478493 1.531802
2.472690 6.174116 6.114195
-0.987198 0.911618 0.974561
6.029725 36.385952 36.357587
2.133082 4.827509 4.550038
2.214394 5.061866 4.903542
2.219832 5.047717 4.927653
0.783661 0.460217 0.614125
-3.917633 15.237775 15.347845
-5.212585 26.736577 27.171038
2.836388 8.001922 8.045098
0.624980 0.271043 0.390600
-2.663320 7.036258 7.093274
-3.282027 10.414889 10.771704
-0.501911 0.320774 0.251915
2.622615 6.976605 6.878112
3.166712 10.126742 10.028063
4.607733 21.366697 21.231208
-1.157244 1.401983 1.339214
-5.053346 25.693696 25.536310
4.139009 16.898555 17.131397
-1.663603 2.917058 2.767576
4.067868 16.922259 16.547554
-2.285945 5.356981 5.225546
0.058671 0.188636 0.003442
-2.782882 7.977221 7.744433
-5.163652 26.429005 26.663299
5.619953 31.775084 31.583869
-5.646167 31.738941 31.879199
3.828044 14.814493 14.653922
1.820881 3.710547 3.315607
4.903055 24.522268 24.039944
0.184068 -0.205514 0.033881
-6.153904 37.797416 37.870537
0.462424 0.383138 0.213836
3.863738 14.867015 14.928469
2.347181 5.568244 5.509260
-3.420652 12.007214 11.700861
5.459455 30.010695 29.805643
4.787007 22.591902 22.915440
-3.962736 15.749369 15.703280
-4.116285 17.055777 16.943805
-1.349401 1.753741 1.820883
4.954577 24.724839 24.547830
3.623579 13.102045 13.130326
-3.704789 13.880958 13.725460
-2.325428 5.270698 5.407614
1.880189 3.475627 3.535111
-5.495400 30.289317 30.199425
-0.936021 0.913896 0.876135
0.116784 -0.035174 0.013639
-5.988668 36.124911 35.864148
2.907002 8.679572 8.450662
5.445133 29.721987 29.649472
-3.760062 13.829123 14.138068
-5.237099 27.760784 27.427210
5.437415 29.397825 29.565481
6.085967 37.054957 37.038995
0.724598 0.483867 0.525042
-3.784294 13.980056 14.320880
-1.730594 3.363221 2.994957
-3.118137 9.633389 9.722780
-5.897927 34.958260 34.785538
0.071359 -0.045657 0.005092
-2.124560 4.511101 4.513754
1.670120 2.731366 2.789300
-0.170903 0.208450 0.029208
4.317583 18.541943 18.641520
2.386728 5.753142 5.696471
2.266152 5.289908 5.135443
2.990095 8.900531 8.940669
-5.635570 31.865863 31.759651
1.299700 1.754765 1.689219
-1.477680 2.395192 2.183539
0.217727 -0.239194 0.047405
-1.757646 3.381138 3.089319
0.557655 0.050349 0.310979
0.909339 0.667784 0.826897
-1.390001 2.333026 1.932103
1.002303 0.889813 1.004611
-1.938003 3.663511 3.755857
-4.372237 19.224340 19.116456
0.261961 0.067590 0.068624
3.420571 11.842433 11.700309
-0.378799 -0.006538 0.143489
1.570800 2.205005 2.467412
-5.194721 27.065108 26.985126
3.296411 10.809147 10.866324
1.191439 1.199850 1.419528
4.082468 16.182639 16.666545
0.283745 0.249384 0.080511
-3.290138 10.674135 10.825009
-4.300971 18.218072 18.498353
2.803209 7.958473 7.857983
-5.724271 32.633005 32.767275
0.954912 0.809760 0.911856
4.906142 23.951486 24.070225
-6.186510 38.638528 38.272911
-4.289562 18.292565 18.400342
-4.755853 22.431755 22.618141
-2.722651 7.479577 7.412827
3.554079 12.528943 12.631479
3.628560 13.018801 13.166450
-0.942341 0.746389 0.888007
1.989813 4.152356 3.959357
-5.199026 27.178215 27.029867
5.992371 35.989192 35.908511
-5.236374 27.686379 27.419612
2.030697 4.424768 4.123732
-4.633028 21.865981 21.464945
6.012345 36.420361 36.148296
-3.187407 10.187776 10.159561
-0.168200 -0.164084 0.028291
-1.628633 2.467563 2.652446
-4.009687 16.041730 16.077586
-2.043551 3.755948 4.176100
-0.249073 -0.175431 0.062037
0.718749 0.318480 0.516600
-2.690415 7.199204 7.238332
1.240547 1.563391 1.538957
4.761031 22.705599 22.667421
5.687898 32.407722 32.352184
-0.708318 0.382734 0.501715
5.416899 29.507735 29.342798
1.173043 1.774926 1.376030
4.722708 22.214894 22.303971
5.832716 34.016885 34.020574
4.395702 19.203623 19.322196
3.571965 12.617906 12.758933
5.776553 33.306280 33.368566
-4.728262 22.430492 22.356459
-5.995582 36.206075 35.947009
2.137137 4.501217 4.567354
-5.983584 35.860090 35.803272
-1.647684 2.828269 2.714863
2.797128 8.034385 7.823927
-6.213939 38.604047 38.613036
4.203328 17.509851 17.667968
-4.534188 20.734915 20.558864
5.529030 30.311359 30.570172
6.010750 36.476694 36.129118
-3.422739 11.979290 11.715141
-6.203388 38.774609 38.482023
1.675264 2.829677 2.806510
4.665860 21.886656 21.770251
-3.124702 9.872776 9.763761
2.003836 3.966290 4.015358
5.982334 35.950873 35.788320
-1.270025 1.378119 1.612963
1.293273 1.587678 1.672555
-3.290877 11.023889 10.829872
2.416841 5.774400 5.841122
-2.309450 5.353493 5.333558
-0.151962 0.141883 0.023093
0.769711 0.405095 0.592454
-6.194878 38.363093 38.376509
-4.246721 17.801577 18.034638
5.726168 32.795701 32.788999
0.257566 -0.099838 0.066340
-6.126149 37.124970 37.529699
-5.150167 26.503267 26.524221
-3.434519 11.922498 11.795918
-1.750437 3.088910 3.064030
0.202245 0.235355 0.040903
0.273788 0.156800 0.074960
3.657969 13.481333 13.380736
-0.335421 0.384671 0.112508
4.267554 18.141375 18.212018
-2.912634 8.588068 8.483436
-2.002843 4.044501 4.011380
1.393957 2.179377 1.943117
-5.909300 34.755377 34.919831
-1.385056 1.905840 1.918381
1.673679 2.777787 2.801200
0.325359 0.189410 0.105859
1.653532 2.630767 2.734168
5.559317 30.912904 30.906010
-3.238942 10.628554 10.490746
5.586317 31.372900 31.206940
-2.503908 6.142195 6.269557
-6.163701 37.891216 37.991211
5.976454 35.798965 35.717998
1.152773 1.312568 1.328886
-1.945274 4.018122 3.784092
-0.300491 0.168844 0.090295
-6.019799 36.412462 36.237974
-6.245234 39.324695 39.002947
-0.416543 -0.072594 0.173508
2.869872 7.892426 8.236166
-0.062020 -0.176850 0.003846
5.300009 28.729063 28.090092
-3.997942 15.703711 15.983543
5.019005 25.034107 25.190410
2.823662 7.991542 7.973067
4.127739 16.849908 17.038226
4.756325 22.962981 22.622626
1.716495 2.666582 2.946356
-2.603624 7.042094 6.778856
-1.937369 4.086035 3.753397
5.896993 35.084100 34.774525
-4.277794 18.263644 18.299524
5.209009 27.357512 27.133772
-0.489518 0.038756 0.239628
2.045325 3.777021 4.183353
0.738644 0.566875 0.545595
5.595913 31.306886 31.314239
-5.880363 34.771976 34.578665
-5.501572 30.480939 30.267294
-4.364702 18.819897 19.050625
-5.743658 33.319396 32.989608
-3.206432 10.311495 10.281204
5.207154 26.819215 27.114456
5.533003 30.847523 30.614124
-3.485592 12.286094 12.149354
-0.877535 0.527418 0.770068
-5.461422 29.356111 29.827136
