00001aa 70 116 122 114 
00001ab 84 102 129 103
00001ac 81 100 129 97
00001ad 76 97 125 98
00001ae 64 107 119 104
00002aa 69 127 122 126
00002ab 65 112 116 107 
00002ac 77 147 131 142 
00002ad 70 142 131 136 
00002ae 59 141 119 131 
00002af 75 140 135 143
00003aa 61 136 116 129 
00003ab 65 121 121 113 
00003ac 73 135 133 121
00003ad 62 139 120 134 
00003ae 67 127 123 122
00003af 77 143 135 131 
00003ag 76 123 134 117 
00003ah 66 120 125 118 
00004aa 69 143 133 145 
00004ab 79 121 139 124 
00004ac 71 143 135 142
00004ad 77 128 142 128
00004ae 82 133 142 133 
00004af 64 138 132 134
00005aa 73 113 127 111
00005ab 67 113 119 110
00005ac 73 112 131 107
00005ad 68 137 120 136
00005ae 69 123 125 123
00005af 73 115 132 118
00005ag 82 118 133 118
00006aa 60 120 116 120
00006ab 74 130 129 130 
00006ac 65 114 123 116
00006ad 65 130 124 126 
00006ae 61 116 122 114
00006af 76 121 130 125
00006ag 64 119 118 120 
00006ah 68 119 119 120
00007aa 65 131 129 130 
00007ab 74 118 134 115
00007ac 59 132 121 131 
00007ad 77 119 134 118
00007ae 74 135 129 137 
00008aa 65 122 118 119
00008ab 66 108 118 110
00008ac 64 113 118 113
00008ad 68 130 125 130
00009aa 69 115 121 114 
00009ab 66 123 129 125 
00009ac 68 113 133 109
00009ad 63 119 120 118
00009ae 69 114 127 116
00009af 73 137 131 133
00010aa 68 112 118 114
00010ab 62 113 108 108
00010ac 63 114 114 107
00010ad 73 135 134 131
00011aa 66 105 112 105 
00011ab 69 105 118 106
00011ac 75 96 118 95 
00011ad 84 97 128 99
00012aa 70 93 114 84 
00012ab 68 104 115 102 
00012ac 66 84 112 75 
00012ad 69 106 117 103 
00012ae 75 109 120 106
00012af 68 102 117 102 
00013aa 70 127 124 128
00013ab 74 122 126 119
00013ac 80 108 127 108
00013ad 75 101 122 103
00013ae 82 108 133 105
00013af 87 110 137 113
00014aa 55 150 124 147 
00014ab 72 132 137 138
00014ac 63 148 127 142 
00014ad 51 129 114 128
00014ae 71 132 131 136 
00014af 61 125 125 124
00014ag 81 145 145 143 
00014ah 85 133 148 138
00014ai 62 140 128 136 
00014aj 65 124 130 126
00015aa 74 150 136 155
00015ab 78 125 133 126
00015ac 78 164 131 165
00015ad 71 145 133 147
00015ae 70 148 130 146 
00015af 54 156 121 150
00015ag 63 143 128 142 
00015ah 68 148 132 152 
00015ai 61 156 126 152 
00016aa 85 114 133 111
00016ab 69 121 133 123
00016ac 74 138 131 140
00016ad 76 144 139 142
00017aa 59 144 127 137 
00017ab 63 131 123 130 
00017ac 64 127 125 131
00017ad 72 127 128 123
00017ae 58 119 113 116
00018aa 70 143 129 142
00018ab 82 122 128 119
00018ac 69 127 126 127
00018ad 73 136 133 134
00018ae 76 115 134 116 
00018af 65 130 134 128 
00019aa 77 127 136 127 
00019ab 66 137 127 139 
00019ac 67 126 122 126
00019ad 67 129 126 124 
00019ae 69 115 129 110
00019af 68 131 130 131 
00019ag 71 143 134 143 
00019ah 71 126 134 127 
00020aa 65 149 138 155 
00020ab 75 142 139 139
00020ac 71 131 136 129
00020ad 69 146 138 149
00020ae 68 126 140 129
00020af 66 140 138 145
00021aa 70 113 135 115
00021ab 76 118 137 114
00021ac 66 123 128 125
00021ad 68 117 129 120
00022aa 61 120 121 116
00022ab 72 116 139 116
00022ac 75 113 131 115
00022ad 57 120 116 123
00022ae 64 122 128 119
00023aa 56 140 126 139
00023ab 62 136 129 131
00023ac 63 127 129 125 
00023ad 71 136 132 128
00023ae 71 147 129 144
00024aa 82 129 142 137
00024ab 61 143 125 143
00024ac 69 146 127 147
00024ad 63 141 121 136
00024ae 72 136 132 139
00024af 70 129 121 128
00024ag 67 144 131 145
00025aa 66 142 123 138
00025ab 73 117 131 112 
00025ac 77 138 129 140 
00025ad 69 128 126 127
00026aa 63 128 124 127
00026ab 76 135 138 133
00026ac 58 137 123 133
00026ad 74 130 134 133 
00026ae 56 140 120 142
00027aa 72 130 129 125
00027ab 69 117 129 116
00027ac 69 124 134 127
00027ae 49 114 116 112
00027af 62 130 131 130
00028aa 68 139 131 140
00028ab 59 133 120 139
00028ac 55 129 119 127
00028ad 70 121 130 127
00028ae 58 131 114 130
00028af 70 133 134 136
00029aa 89 144 152 144
00029ab 77 151 146 152
00029ac 73 163 136 158
00029ad 80 139 142 140 
00029ae 68 143 130 141
00030aa 64 147 126 144
00030ab 64 147 128 145
00030ac 58 133 120 136
00030ad 68 150 136 144
